
Agregated results :
patch_size :21
model :2dcnn
dataset_name :IndianPines
batch_size :64
SAMPLE_PERCENTAGE :0.01
Confusion matrix :
[[2.7900e+01 1.2700e+01 0.0000e+00 0.0000e+00 0.0000e+00 4.3000e+00
  0.0000e+00 1.8000e+00 0.0000e+00 5.3000e+00 1.0000e+00 0.0000e+00
  0.0000e+00 0.0000e+00 0.0000e+00 0.0000e+00]
 [2.0000e-01 9.1300e+02 5.0200e+01 4.0000e-01 3.0000e-01 5.2000e+00
  0.0000e+00 1.0000e-01 0.0000e+00 1.1140e+02 3.1300e+02 1.8300e+01
  1.0000e-01 7.5000e+00 3.0000e-01 0.0000e+00]
 [0.0000e+00 1.2190e+02 4.2670e+02 1.0000e+00 1.2300e+01 5.2000e+00
  0.0000e+00 0.0000e+00 0.0000e+00 7.6500e+01 1.6270e+02 4.2000e+00
  1.1400e+01 3.8000e+00 3.0000e-01 0.0000e+00]
 [0.0000e+00 5.1800e+01 4.6200e+01 6.9700e+01 0.0000e+00 2.7000e+00
  0.0000e+00 0.0000e+00 0.0000e+00 0.0000e+00 5.0500e+01 1.0800e+01
  0.0000e+00 3.0000e-01 0.0000e+00 0.0000e+00]
 [0.0000e+00 2.4000e+00 1.8100e+01 0.0000e+00 2.5610e+02 5.7100e+01
  0.0000e+00 4.3000e+00 0.0000e+00 8.2000e+00 2.0500e+01 1.7000e+00
  7.2000e+00 1.1640e+02 0.0000e+00 0.0000e+00]
 [0.0000e+00 1.3700e+01 3.2000e+00 8.0000e-01 3.9000e+00 6.0730e+02
  0.0000e+00 0.0000e+00 0.0000e+00 2.8000e+00 6.2600e+01 3.0000e+00
  1.0000e+00 4.1600e+01 1.0000e-01 0.0000e+00]
 [0.0000e+00 1.0000e-01 0.0000e+00 0.0000e+00 4.7000e+00 1.1400e+01
  0.0000e+00 8.1000e+00 0.0000e+00 0.0000e+00 1.1000e+00 0.0000e+00
  0.0000e+00 6.0000e-01 0.0000e+00 0.0000e+00]
 [0.0000e+00 3.9000e+00 1.5000e+00 3.0000e-01 1.4000e+00 5.3000e+00
  0.0000e+00 4.5080e+02 0.0000e+00 1.2000e+00 5.8000e+00 2.9000e+00
  0.0000e+00 9.4000e+00 1.5000e+00 0.0000e+00]
 [0.0000e+00 7.0000e-01 7.5000e+00 0.0000e+00 1.6000e+00 6.6000e+00
  0.0000e+00 0.0000e+00 0.0000e+00 7.0000e-01 2.8000e+00 0.0000e+00
  0.0000e+00 1.0000e-01 0.0000e+00 0.0000e+00]
 [1.1000e+00 8.0600e+01 1.6100e+01 0.0000e+00 9.6000e+00 1.1500e+01
  0.0000e+00 2.0000e-01 0.0000e+00 6.1280e+02 1.9740e+02 9.7000e+00
  1.0000e-01 1.2500e+01 6.4000e+00 0.0000e+00]
 [0.0000e+00 8.3300e+01 2.4000e+01 0.0000e+00 1.7000e+00 2.1000e+01
  0.0000e+00 7.5000e+00 0.0000e+00 6.0300e+01 2.2163e+03 3.3000e+00
  5.0000e-01 2.2000e+01 3.1000e+00 0.0000e+00]
 [0.0000e+00 1.4720e+02 1.9500e+01 3.4000e+00 8.3000e+00 2.1000e+00
  0.0000e+00 0.0000e+00 0.0000e+00 2.5600e+01 6.8700e+01 3.2300e+02
  0.0000e+00 4.5000e+00 3.2000e+00 2.5000e+00]
 [0.0000e+00 2.4000e+00 8.5000e+00 0.0000e+00 9.2000e+00 4.0000e+00
  0.0000e+00 0.0000e+00 0.0000e+00 1.5000e+00 2.6400e+01 0.0000e+00
  1.5640e+02 5.0000e-01 1.1000e+00 0.0000e+00]
 [0.0000e+00 8.7000e+00 1.9000e+00 0.0000e+00 5.7000e+00 7.9000e+00
  0.0000e+00 2.1000e+00 0.0000e+00 5.1000e+00 1.4300e+01 4.4000e+00
  0.0000e+00 1.2128e+03 1.8100e+01 0.0000e+00]
 [0.0000e+00 1.3900e+01 1.0500e+01 0.0000e+00 2.2000e+00 4.3800e+01
  0.0000e+00 1.9000e+00 0.0000e+00 1.0100e+01 1.9200e+01 7.7000e+00
  0.0000e+00 5.3300e+01 2.1340e+02 0.0000e+00]
 [0.0000e+00 5.1000e+00 2.0000e+00 0.0000e+00 0.0000e+00 0.0000e+00
  0.0000e+00 0.0000e+00 0.0000e+00 8.0000e-01 0.0000e+00 5.8000e+01
  0.0000e+00 1.0000e+00 0.0000e+00 2.7100e+01]]---
Accuracy: 7320.76 +- 255.34
---
F1 scores :
	Alfalfa: 66.30 +- 15.26
	Corn-notill: 63.44 +- 3.85
	Corn-mintill: 58.15 +- 5.55
	Corn: 44.36 +- 11.98
	Grass-pasture: 63.16 +- 9.25
	Grass-trees: 79.10 +- 5.34
	Grass-pasture-mowed: 0.00 +- 0.00
	Hay-windrowed: 93.82 +- 2.08
	Oats: 0.00 +- 0.00
	Soybean-notill: 65.22 +- 9.08
	Soybean-mintill: 79.21 +- 4.52
	Soybean-clean: 60.93 +- 6.72
	Wheat: 80.66 +- 6.63
	Woods: 87.67 +- 2.41
	Buildings-Grass-Trees-Drives: 68.14 +- 7.00
	Stone-Steel-Towers: 42.46 +- 14.36
---
Kappa: 68.92 +- 3.08


Agregated results :
patch_size :21
model :2dcnn
dataset_name :IndianPines
batch_size :64
SAMPLE_PERCENTAGE :0.05
Confusion matrix :
[[2.9300e+01 1.0300e+01 0.0000e+00 3.0000e-01 1.0000e+00 1.7000e+00
  0.0000e+00 3.0000e-01 0.0000e+00 2.7000e+00 5.4000e+00 0.0000e+00
  0.0000e+00 0.0000e+00 0.0000e+00 0.0000e+00]
 [5.0000e-01 1.0615e+03 2.0000e+00 2.1400e+01 2.6000e+00 1.2600e+01
  0.0000e+00 2.0000e-01 0.0000e+00 2.8700e+01 2.2400e+02 4.7000e+00
  0.0000e+00 3.1000e+00 6.0000e-01 1.0000e-01]
 [0.0000e+00 8.9400e+01 4.3370e+02 3.8100e+01 1.8000e+01 2.6000e+00
  0.0000e+00 6.0000e-01 7.0000e-01 8.1100e+01 1.2410e+02 2.5000e+00
  9.0000e-01 3.0000e-01 0.0000e+00 0.0000e+00]
 [0.0000e+00 1.5300e+01 3.0000e-01 1.6260e+02 1.8000e+00 1.3000e+00
  0.0000e+00 0.0000e+00 0.0000e+00 6.0000e-01 3.5700e+01 4.4000e+00
  0.0000e+00 0.0000e+00 0.0000e+00 0.0000e+00]
 [0.0000e+00 1.8000e+00 4.3000e+00 4.0000e+00 4.0150e+02 1.3500e+01
  4.0000e-01 1.8000e+00 0.0000e+00 4.5000e+00 2.4800e+01 0.0000e+00
  2.3000e+00 1.3100e+01 0.0000e+00 0.0000e+00]
 [0.0000e+00 8.2000e+00 0.0000e+00 1.8000e+00 1.6300e+01 5.8860e+02
  0.0000e+00 0.0000e+00 0.0000e+00 9.0000e-01 8.1000e+01 1.0000e-01
  0.0000e+00 1.3100e+01 0.0000e+00 0.0000e+00]
 [1.0000e-01 0.0000e+00 0.0000e+00 0.0000e+00 1.0600e+01 4.1000e+00
  5.2000e+00 2.1000e+00 0.0000e+00 4.0000e-01 2.5000e+00 0.0000e+00
  0.0000e+00 0.0000e+00 0.0000e+00 0.0000e+00]
 [0.0000e+00 1.5500e+01 6.0000e-01 0.0000e+00 2.7000e+00 0.0000e+00
  0.0000e+00 3.9260e+02 0.0000e+00 0.0000e+00 5.1200e+01 0.0000e+00
  0.0000e+00 2.4000e+00 0.0000e+00 0.0000e+00]
 [0.0000e+00 6.0000e-01 2.0000e-01 5.0000e-01 2.8000e+00 7.4000e+00
  0.0000e+00 0.0000e+00 1.2000e+00 1.0000e+00 5.3000e+00 0.0000e+00
  0.0000e+00 0.0000e+00 0.0000e+00 0.0000e+00]
 [6.0000e-01 6.8500e+01 1.0000e-01 1.7600e+01 7.7000e+00 1.5600e+01
  0.0000e+00 0.0000e+00 0.0000e+00 6.0980e+02 1.8280e+02 2.6000e+00
  0.0000e+00 3.6000e+00 1.0800e+01 3.0000e-01]
 [0.0000e+00 5.3900e+01 1.0000e-01 5.6200e+01 4.8000e+00 3.6400e+01
  0.0000e+00 4.5000e+00 0.0000e+00 2.0200e+01 2.1569e+03 2.1000e+00
  0.0000e+00 8.3000e+00 1.6000e+00 0.0000e+00]
 [1.0000e-01 4.0800e+01 3.1000e+00 2.1900e+01 5.0000e-01 6.6000e+00
  0.0000e+00 0.0000e+00 0.0000e+00 1.7600e+01 7.1900e+01 4.1270e+02
  0.0000e+00 0.0000e+00 1.4000e+00 6.4000e+00]
 [0.0000e+00 0.0000e+00 1.1000e+00 0.0000e+00 7.4000e+00 2.6000e+00
  0.0000e+00 0.0000e+00 0.0000e+00 1.0000e-01 2.2500e+01 0.0000e+00
  1.6830e+02 0.0000e+00 0.0000e+00 0.0000e+00]
 [1.0000e-01 3.3000e+00 0.0000e+00 0.0000e+00 1.1920e+02 1.1000e+00
  0.0000e+00 2.0000e-01 0.0000e+00 5.9000e+00 1.6800e+01 5.0000e-01
  0.0000e+00 1.0735e+03 8.4000e+00 0.0000e+00]
 [0.0000e+00 9.1000e+00 3.0000e-01 0.0000e+00 6.7000e+00 2.2400e+01
  0.0000e+00 0.0000e+00 0.0000e+00 5.7000e+00 2.7000e+01 3.0000e-01
  0.0000e+00 1.4200e+01 2.7530e+02 0.0000e+00]
 [0.0000e+00 2.5000e+00 0.0000e+00 0.0000e+00 0.0000e+00 0.0000e+00
  0.0000e+00 0.0000e+00 0.0000e+00 1.0000e-01 1.4000e+00 2.1400e+01
  0.0000e+00 0.0000e+00 0.0000e+00 6.4600e+01]]---
Accuracy: 7958.27 +- 1307.66
---
F1 scores :
	Alfalfa: 65.16 +- 30.58
	Corn-notill: 74.30 +- 23.07
	Corn-mintill: 66.20 +- 24.12
	Corn: 68.49 +- 29.46
	Grass-pasture: 80.65 +- 15.66
	Grass-trees: 79.36 +- 28.34
	Grass-pasture-mowed: 27.47 +- 29.62
	Hay-windrowed: 85.79 +- 29.02
	Oats: 10.68 +- 11.49
	Soybean-notill: 67.30 +- 23.69
	Soybean-mintill: 83.85 +- 13.09
	Soybean-clean: 78.97 +- 9.73
	Wheat: 85.47 +- 28.95
	Woods: 87.33 +- 24.75
	Buildings-Grass-Trees-Drives: 83.11 +- 8.74
	Stone-Steel-Towers: 78.78 +- 12.07
---
Kappa: 76.02 +- 16.78

