
Agregated results :
patch_size :21
model :2dcnn
dataset_name :houston2013
batch_size :64
SAMPLE_PERCENTAGE :0.01
Confusion matrix :
[[5.773e+02 3.500e+01 8.000e+00 1.210e+01 2.900e+01 0.000e+00 0.000e+00
  1.100e+00 1.100e+00 4.000e-01]
 [1.235e+02 5.450e+01 1.050e+01 5.600e+00 4.130e+01 0.000e+00 0.000e+00
  5.000e-01 1.100e+00 0.000e+00]
 [1.060e+01 2.900e+00 1.394e+02 9.500e+00 9.530e+01 0.000e+00 0.000e+00
  1.600e+01 7.430e+01 0.000e+00]
 [2.310e+01 2.800e+00 3.540e+01 4.638e+02 7.740e+01 0.000e+00 1.500e+00
  1.150e+01 1.300e+01 5.000e-01]
 [0.000e+00 2.000e-01 3.000e-01 1.000e-01 4.429e+02 0.000e+00 0.000e+00
  1.040e+01 3.290e+01 2.000e-01]
 [2.720e+01 0.000e+00 6.200e+00 1.120e+01 1.900e+01 9.160e+01 1.390e+01
  3.190e+01 1.321e+02 2.900e+00]
 [3.000e-01 0.000e+00 8.600e+00 6.610e+01 3.050e+01 7.900e+00 7.870e+01
  8.500e+00 3.240e+01 0.000e+00]
 [2.000e-01 0.000e+00 1.730e+01 1.280e+01 1.359e+02 1.800e+00 0.000e+00
  1.780e+02 1.198e+02 8.200e+00]
 [1.000e-01 0.000e+00 1.300e+01 5.000e-01 4.720e+01 0.000e+00 0.000e+00
  5.500e+00 4.837e+02 0.000e+00]
 [0.000e+00 1.000e-01 2.400e+00 1.020e+01 5.920e+01 0.000e+00 0.000e+00
  2.240e+01 1.372e+02 1.655e+02]]---
Accuracy: 6143.28 +- 1727.14
---
F1 scores :
	Healthy grass: 78.76 +- 16.56
	Stressed grass: 32.03 +- 21.06
	Synthetic grass: 45.49 +- 22.22
	Trees: 70.68 +- 27.09
	Soil: 69.42 +- 21.25
	Water: 36.59 +- 28.67
	Residential: 44.33 +- 24.66
	Commercial: 44.13 +- 17.56
	Highway: 64.62 +- 13.85
	Running Track: 44.27 +- 43.36
---
Kappa: 56.16 +- 19.51


Agregated results :
patch_size :21
model :2dcnn
dataset_name :houston2013
batch_size :64
SAMPLE_PERCENTAGE :0.01
Confusion matrix :
[[5.251e+02 4.540e+01 8.500e+00 3.700e+00 7.150e+01 0.000e+00 2.000e-01
  1.400e+00 7.400e+00 8.000e-01 0.000e+00 0.000e+00 0.000e+00 0.000e+00
  0.000e+00]
 [9.020e+01 7.920e+01 8.600e+00 3.900e+00 5.100e+01 0.000e+00 0.000e+00
  5.000e-01 3.600e+00 0.000e+00 0.000e+00 0.000e+00 0.000e+00 0.000e+00
  0.000e+00]
 [5.400e+00 8.900e+00 1.311e+02 6.200e+00 1.443e+02 0.000e+00 0.000e+00
  3.700e+00 4.840e+01 0.000e+00 0.000e+00 0.000e+00 0.000e+00 0.000e+00
  0.000e+00]
 [4.490e+01 2.110e+01 1.050e+01 3.288e+02 1.437e+02 5.500e+00 5.500e+00
  6.000e+00 6.280e+01 2.000e-01 0.000e+00 0.000e+00 0.000e+00 0.000e+00
  0.000e+00]
 [0.000e+00 3.000e-01 1.000e-01 0.000e+00 4.443e+02 0.000e+00 0.000e+00
  1.230e+01 3.000e+01 0.000e+00 0.000e+00 0.000e+00 0.000e+00 0.000e+00
  0.000e+00]
 [2.610e+01 1.500e+00 1.860e+01 8.600e+00 4.220e+01 8.260e+01 9.800e+00
  1.640e+01 1.292e+02 1.000e+00 0.000e+00 0.000e+00 0.000e+00 0.000e+00
  0.000e+00]
 [0.000e+00 3.000e-01 3.200e+00 3.000e+01 6.450e+01 1.850e+01 6.670e+01
  6.000e-01 4.920e+01 0.000e+00 0.000e+00 0.000e+00 0.000e+00 0.000e+00
  0.000e+00]
 [2.000e+00 0.000e+00 2.660e+01 4.900e+00 1.623e+02 3.500e+00 0.000e+00
  1.513e+02 1.160e+02 7.400e+00 0.000e+00 0.000e+00 0.000e+00 0.000e+00
  0.000e+00]
 [1.000e-01 4.000e-01 4.100e+00 3.000e-01 1.042e+02 0.000e+00 0.000e+00
  0.000e+00 4.409e+02 0.000e+00 0.000e+00 0.000e+00 0.000e+00 0.000e+00
  0.000e+00]
 [0.000e+00 0.000e+00 1.870e+01 3.000e+00 7.890e+01 1.000e-01 0.000e+00
  7.400e+00 1.746e+02 1.143e+02 0.000e+00 0.000e+00 0.000e+00 0.000e+00
  0.000e+00]
 [0.000e+00 0.000e+00 0.000e+00 0.000e+00 0.000e+00 0.000e+00 0.000e+00
  0.000e+00 0.000e+00 0.000e+00 0.000e+00 0.000e+00 0.000e+00 0.000e+00
  0.000e+00]
 [0.000e+00 0.000e+00 0.000e+00 0.000e+00 0.000e+00 0.000e+00 0.000e+00
  0.000e+00 0.000e+00 0.000e+00 0.000e+00 0.000e+00 0.000e+00 0.000e+00
  0.000e+00]
 [0.000e+00 0.000e+00 0.000e+00 0.000e+00 0.000e+00 0.000e+00 0.000e+00
  0.000e+00 0.000e+00 0.000e+00 0.000e+00 0.000e+00 0.000e+00 0.000e+00
  0.000e+00]
 [0.000e+00 0.000e+00 0.000e+00 0.000e+00 0.000e+00 0.000e+00 0.000e+00
  0.000e+00 0.000e+00 0.000e+00 0.000e+00 0.000e+00 0.000e+00 0.000e+00
  0.000e+00]
 [0.000e+00 0.000e+00 0.000e+00 0.000e+00 0.000e+00 0.000e+00 0.000e+00
  0.000e+00 0.000e+00 0.000e+00 0.000e+00 0.000e+00 0.000e+00 0.000e+00
  0.000e+00]]---
Accuracy: 5428.93 +- 2152.27
---
F1 scores :
	Healthy grass: 71.40 +- 27.69
	Stressed grass: 36.18 +- 27.19
	Synthetic grass: 40.12 +- 30.47
	Trees: 56.28 +- 32.78
	Soil: 60.01 +- 21.42
	Water: 30.65 +- 27.24
	Residential: 38.03 +- 25.99
	Commercial: 41.95 +- 19.79
	Road: 55.43 +- 24.00
	Highway: 31.45 +- 39.11
	Railway: nan +- nan
	Parking Lot 1: nan +- nan
	Parking Lot 2: nan +- nan
	Tennis Court: nan +- nan
	Running Track: nan +- nan
---
Kappa: 48.20 +- 24.23


Agregated results :
patch_size :21
model :2dcnn
dataset_name :houston2013
batch_size :64
SAMPLE_PERCENTAGE :0.01
Confusion matrix :
[[5.742e+02 5.720e+01 1.340e+01 7.900e+00 1.900e+00 2.400e+00 0.000e+00
  9.000e-01 5.300e+00 8.000e-01 0.000e+00 0.000e+00 0.000e+00 0.000e+00
  0.000e+00]
 [1.039e+02 6.740e+01 2.000e+01 8.800e+00 2.170e+01 0.000e+00 3.000e-01
  1.000e-01 1.480e+01 0.000e+00 0.000e+00 0.000e+00 0.000e+00 0.000e+00
  0.000e+00]
 [1.010e+01 2.900e+00 1.278e+02 7.200e+00 5.140e+01 0.000e+00 5.000e-01
  1.130e+01 1.368e+02 0.000e+00 0.000e+00 0.000e+00 0.000e+00 0.000e+00
  0.000e+00]
 [6.540e+01 4.500e+00 4.410e+01 4.231e+02 3.940e+01 1.000e-01 5.000e+00
  1.230e+01 3.500e+01 1.000e-01 0.000e+00 0.000e+00 0.000e+00 0.000e+00
  0.000e+00]
 [0.000e+00 1.000e-01 1.560e+01 0.000e+00 3.328e+02 0.000e+00 0.000e+00
  5.600e+00 1.329e+02 0.000e+00 0.000e+00 0.000e+00 0.000e+00 0.000e+00
  0.000e+00]
 [2.150e+01 0.000e+00 8.800e+00 1.080e+01 2.310e+01 7.370e+01 6.200e+00
  2.850e+01 1.564e+02 7.000e+00 0.000e+00 0.000e+00 0.000e+00 0.000e+00
  0.000e+00]
 [6.200e+00 0.000e+00 5.100e+00 4.740e+01 3.560e+01 8.100e+00 6.980e+01
  1.800e+01 4.280e+01 0.000e+00 0.000e+00 0.000e+00 0.000e+00 0.000e+00
  0.000e+00]
 [3.800e+00 0.000e+00 2.770e+01 1.080e+01 9.270e+01 1.500e+00 2.000e-01
  1.600e+02 1.687e+02 8.600e+00 0.000e+00 0.000e+00 0.000e+00 0.000e+00
  0.000e+00]
 [0.000e+00 0.000e+00 9.300e+00 4.000e-01 5.840e+01 0.000e+00 0.000e+00
  1.450e+01 4.674e+02 0.000e+00 0.000e+00 0.000e+00 0.000e+00 0.000e+00
  0.000e+00]
 [0.000e+00 0.000e+00 8.000e-01 2.300e+00 3.970e+01 0.000e+00 0.000e+00
  1.910e+01 1.695e+02 1.656e+02 0.000e+00 0.000e+00 0.000e+00 0.000e+00
  0.000e+00]
 [0.000e+00 0.000e+00 0.000e+00 0.000e+00 0.000e+00 0.000e+00 0.000e+00
  0.000e+00 0.000e+00 0.000e+00 0.000e+00 0.000e+00 0.000e+00 0.000e+00
  0.000e+00]
 [0.000e+00 0.000e+00 0.000e+00 0.000e+00 0.000e+00 0.000e+00 0.000e+00
  0.000e+00 0.000e+00 0.000e+00 0.000e+00 0.000e+00 0.000e+00 0.000e+00
  0.000e+00]
 [0.000e+00 0.000e+00 0.000e+00 0.000e+00 0.000e+00 0.000e+00 0.000e+00
  0.000e+00 0.000e+00 0.000e+00 0.000e+00 0.000e+00 0.000e+00 0.000e+00
  0.000e+00]
 [0.000e+00 0.000e+00 0.000e+00 0.000e+00 0.000e+00 0.000e+00 0.000e+00
  0.000e+00 0.000e+00 0.000e+00 0.000e+00 0.000e+00 0.000e+00 0.000e+00
  0.000e+00]
 [0.000e+00 0.000e+00 0.000e+00 0.000e+00 0.000e+00 0.000e+00 0.000e+00
  0.000e+00 0.000e+00 0.000e+00 0.000e+00 0.000e+00 0.000e+00 0.000e+00
  0.000e+00]]---
Accuracy: 5652.81 +- 2013.41
---
F1 scores :
	Healthy grass: 78.41 +- 17.74
	Stressed grass: 31.23 +- 27.62
	Synthetic grass: 38.52 +- 28.38
	Trees: 66.65 +- 33.41
	Soil: 55.89 +- 29.66
	Water: 27.73 +- 31.91
	Residential: 35.26 +- 32.53
	Commercial: 40.96 +- 16.10
	Road: 53.27 +- 25.62
	Highway: 43.36 +- 43.73
	Railway: nan +- nan
	Parking Lot 1: nan +- nan
	Parking Lot 2: nan +- nan
	Tennis Court: nan +- nan
	Running Track: nan +- nan
---
Kappa: 50.45 +- 23.12


Agregated results :
patch_size :21
model :2dcnn
dataset_name :houston2013
batch_size :64
SAMPLE_PERCENTAGE :0.01
Confusion matrix :
[[1.1516e+03 1.3540e+02 0.0000e+00 2.0900e+01 1.5000e+00 1.4000e+00
  1.4900e+01 1.0800e+01 1.1100e+01 0.0000e+00 2.0000e+00 6.2000e+00
  3.1000e+00 1.0000e-01 1.0000e+00]
 [1.5650e+02 1.2061e+03 4.0000e-01 1.4800e+01 1.5000e+01 5.0000e-01
  7.0000e+00 1.1800e+01 2.4000e+01 1.0000e-01 5.0000e-01 2.0000e+00
  0.0000e+00 4.0000e-01 9.0000e-01]
 [0.0000e+00 0.0000e+00 6.8350e+02 0.0000e+00 4.6000e+00 0.0000e+00
  0.0000e+00 4.2000e+00 0.0000e+00 4.9400e+01 5.2000e+00 1.0000e-01
  0.0000e+00 0.0000e+00 4.0000e+01]
 [5.7300e+01 4.7300e+01 5.0000e-01 1.0463e+03 2.2000e+00 0.0000e+00
  3.7400e+01 1.4400e+01 2.8200e+01 7.0000e-01 1.7000e+00 5.9000e+00
  3.0000e-01 2.0000e-01 8.6000e+00]
 [0.0000e+00 7.0000e-01 0.0000e+00 0.0000e+00 1.2288e+03 0.0000e+00
  3.0000e+00 8.9000e+00 9.2000e+00 1.7500e+01 3.4000e+00 9.5000e+00
  1.0000e-01 2.3000e+00 1.6000e+00]
 [1.3500e+01 1.4000e+00 1.0000e-01 2.1000e+00 2.4000e+00 1.4860e+02
  5.6100e+01 5.0800e+01 1.6300e+01 9.6000e+00 2.3800e+01 6.9000e+00
  4.3000e+00 0.0000e+00 1.0000e-01]
 [2.2400e+01 3.9300e+01 1.0000e-01 2.6200e+01 0.0000e+00 0.0000e+00
  1.2595e+03 3.0100e+01 6.0300e+01 9.8000e+00 1.0800e+01 1.1000e+00
  0.0000e+00 5.0000e-01 9.0000e-01]
 [7.0000e-01 1.3800e+01 8.0000e-01 7.1000e+00 4.4900e+01 1.0000e-01
  1.5200e+01 8.1550e+02 5.3500e+01 1.2160e+02 1.1800e+01 2.0230e+02
  1.1900e+01 1.3300e+01 2.7500e+01]
 [3.1000e+00 3.6400e+01 1.3000e+00 1.1000e+01 2.3900e+01 0.0000e+00
  8.7000e+01 2.0400e+01 1.2106e+03 6.8600e+01 6.5000e+00 6.7300e+01
  1.4000e+00 1.5000e+00 0.0000e+00]
 [0.0000e+00 2.5000e+00 0.0000e+00 0.0000e+00 2.0000e-01 0.0000e+00
  6.0000e-01 2.0300e+01 1.7400e+01 1.2842e+03 2.5000e+00 7.9400e+01
  2.9000e+00 0.0000e+00 0.0000e+00]
 [0.0000e+00 5.6000e+00 0.0000e+00 1.2200e+01 5.0000e-01 0.0000e+00
  2.0600e+01 3.4200e+01 3.2400e+01 1.0780e+02 1.3184e+03 1.3900e+01
  4.4000e+00 0.0000e+00 0.0000e+00]
 [0.0000e+00 3.0000e-01 3.1000e+00 1.0000e-01 3.9400e+01 0.0000e+00
  9.3000e+00 3.3400e+01 2.8000e+01 1.1910e+02 3.5000e+00 1.1758e+03
  3.0000e+00 0.0000e+00 0.0000e+00]
 [0.0000e+00 0.0000e+00 0.0000e+00 1.5000e+00 1.1000e+00 2.0000e-01
  3.6200e+01 1.7800e+01 1.9900e+01 2.2300e+01 4.0100e+01 3.2500e+01
  4.5440e+02 0.0000e+00 0.0000e+00]
 [0.0000e+00 5.7000e+00 2.0000e-01 3.6000e+00 1.7000e+01 0.0000e+00
  1.4000e+00 1.7800e+01 2.0100e+01 1.0000e+00 1.0000e-01 6.2000e+00
  9.0000e-01 4.3380e+02 2.0000e-01]
 [3.2000e+00 2.5000e+00 4.2400e+01 6.0000e-01 4.2100e+01 0.0000e+00
  6.0000e-01 1.4100e+01 1.2000e+00 4.0000e-01 9.2000e+00 0.0000e+00
  0.0000e+00 1.0000e-01 6.7360e+02]]---
Accuracy: 8241.14 +- 180.87
---
F1 scores :
	Healthy grass: 83.20 +- 3.01
	Stressed grass: 82.14 +- 2.95
	Synthetic grass: 89.24 +- 9.70
	Trees: 87.33 +- 3.56
	Soil: 90.89 +- 3.89
	Water: 59.93 +- 13.16
	Residential: 83.77 +- 2.61
	Commercial: 66.53 +- 7.41
	Road: 78.82 +- 2.96
	Highway: 80.05 +- 4.26
	Railway: 88.27 +- 3.66
	Parking Lot 1: 77.78 +- 6.55
	Parking Lot 2: 81.22 +- 7.02
	Tennis Court: 90.11 +- 5.95
	Running Track: 86.90 +- 5.69
---
Kappa: 80.96 +- 1.96


Agregated results :
patch_size :21
model :2dcnn
dataset_name :houston2013
batch_size :64
SAMPLE_PERCENTAGE :0.005
Confusion matrix :
[[1.1682e+03 1.2440e+02 0.0000e+00 1.9800e+01 2.4000e+00 2.4000e+00
  4.0000e+00 1.6200e+01 8.8000e+00 0.0000e+00 1.0000e+00 1.1200e+01
  2.8000e+00 3.0000e+00 2.8000e+00]
 [4.7040e+02 7.8660e+02 0.0000e+00 1.0180e+02 1.4000e+00 2.2000e+00
  5.4000e+00 3.0000e+00 6.1200e+01 2.0000e+00 2.0000e+00 2.8000e+00
  8.0000e-01 5.0000e+00 2.4000e+00]
 [2.0000e-01 0.0000e+00 6.5700e+02 1.4000e+00 2.9800e+01 0.0000e+00
  4.8000e+00 2.8000e+00 6.0000e-01 3.1000e+01 1.5000e+01 2.0000e-01
  4.0000e-01 8.0000e-01 4.7000e+01]
 [1.5220e+02 6.8400e+01 0.0000e+00 8.7520e+02 2.0000e-01 6.0000e-01
  6.3600e+01 3.2800e+01 3.9200e+01 3.4000e+00 8.0000e-01 1.0000e+01
  4.0000e-01 8.0000e-01 1.0400e+01]
 [0.0000e+00 3.4000e+00 0.0000e+00 1.4000e+00 1.0490e+03 0.0000e+00
  2.4600e+01 1.9000e+01 2.5400e+01 2.3000e+01 2.0800e+01 7.1600e+01
  1.4000e+00 4.7000e+01 5.4000e+00]
 [2.6800e+01 1.0000e+00 1.2000e+00 4.8000e+00 0.0000e+00 1.2860e+02
  5.2000e+01 3.4000e+01 3.9200e+01 1.6400e+01 3.8000e+00 2.7600e+01
  1.4000e+00 0.0000e+00 2.0000e-01]
 [4.3200e+01 6.7000e+01 0.0000e+00 1.0560e+02 0.0000e+00 0.0000e+00
  1.0778e+03 2.9200e+01 1.2560e+02 1.0200e+01 3.0000e+00 7.4000e+00
  0.0000e+00 0.0000e+00 0.0000e+00]
 [1.2000e+00 2.5600e+01 1.8000e+00 1.7200e+01 1.0000e+01 2.0000e-01
  1.3800e+01 6.3560e+02 1.0000e+02 2.0600e+02 1.9600e+01 2.5960e+02
  1.2000e+01 2.9000e+01 1.5400e+01]
 [4.0000e+00 6.6400e+01 0.0000e+00 1.4800e+01 4.0000e+00 0.0000e+00
  7.2000e+01 2.8000e+01 1.2464e+03 3.7800e+01 2.0400e+01 5.0400e+01
  0.0000e+00 1.8000e+00 0.0000e+00]
 [0.0000e+00 7.0000e+00 2.0000e-01 0.0000e+00 0.0000e+00 0.0000e+00
  1.2000e+00 6.0600e+01 7.2400e+01 9.3800e+02 1.4000e+00 3.3540e+02
  0.0000e+00 8.0000e-01 0.0000e+00]
 [2.8000e+00 4.4400e+01 2.4000e+00 2.4600e+01 0.0000e+00 0.0000e+00
  5.5400e+01 6.4600e+01 6.1000e+01 1.7500e+02 9.5080e+02 1.4660e+02
  2.1800e+01 5.4000e+00 3.2000e+00]
 [1.6000e+00 1.0000e+00 2.8000e+00 0.0000e+00 5.0200e+01 2.0000e-01
  2.4000e+00 1.0940e+02 6.6600e+01 1.9600e+02 5.8000e+00 9.8540e+02
  4.0000e-01 2.0000e-01 0.0000e+00]
 [0.0000e+00 4.0000e-01 0.0000e+00 1.6000e+00 0.0000e+00 4.0000e+00
  3.5800e+01 3.9400e+01 4.2400e+01 3.6600e+01 6.2400e+01 2.7400e+01
  3.7280e+02 4.2000e+00 2.0000e+00]
 [4.0000e-01 3.4600e+01 0.0000e+00 4.0000e-01 5.0000e+00 0.0000e+00
  2.5000e+01 2.0000e-01 7.2200e+01 2.6400e+01 7.0000e+00 1.4600e+01
  2.0000e-01 3.2400e+02 0.0000e+00]
 [5.2800e+01 4.4800e+01 3.5200e+01 1.3000e+01 1.2700e+02 0.0000e+00
  2.0600e+01 9.0000e+00 8.8000e+00 0.0000e+00 9.6000e+00 0.0000e+00
  4.2000e+00 2.6000e+00 4.6640e+02]]---
Accuracy: 6786.43 +- 249.64
---
F1 scores :
	Healthy grass: 71.62 +- 5.62
	Stressed grass: 56.65 +- 9.67
	Synthetic grass: 87.85 +- 5.51
	Trees: 71.81 +- 8.73
	Soil: 81.46 +- 5.88
	Water: 53.10 +- 12.61
	Residential: 73.48 +- 3.30
	Commercial: 52.15 +- 4.72
	Road: 70.99 +- 1.36
	Highway: 60.12 +- 3.14
	Railway: 69.79 +- 13.02
	Parking Lot 1: 58.23 +- 4.39
	Parking Lot 2: 70.50 +- 11.59
	Tennis Court: 69.44 +- 11.34
	Running Track: 68.50 +- 11.01
---
Kappa: 65.19 +- 2.71


Agregated results :
patch_size :21
model :2dcnn
dataset_name :houston2013
batch_size :64
SAMPLE_PERCENTAGE :0.015
Confusion matrix :
[[1.1434e+03 1.5340e+02 0.0000e+00 1.8200e+01 0.0000e+00 2.0000e+00
  3.6000e+00 8.8000e+00 1.0000e+01 0.0000e+00 4.0000e-01 1.0600e+01
  2.6000e+00 0.0000e+00 0.0000e+00]
 [1.1540e+02 1.2498e+03 2.0000e-01 1.8800e+01 3.4000e+00 1.4000e+00
  5.0000e+00 4.0000e+00 2.7000e+01 1.2000e+00 1.2000e+00 4.2000e+00
  4.0000e-01 0.0000e+00 0.0000e+00]
 [0.0000e+00 0.0000e+00 6.7060e+02 0.0000e+00 1.2200e+01 0.0000e+00
  0.0000e+00 0.0000e+00 0.0000e+00 3.0200e+01 0.0000e+00 3.2200e+01
  0.0000e+00 0.0000e+00 3.7800e+01]
 [6.8600e+01 1.1560e+02 6.0000e-01 9.6900e+02 0.0000e+00 0.0000e+00
  2.4200e+01 1.4000e+01 3.9800e+01 8.0000e-01 2.0000e+00 5.4000e+00
  1.4000e+00 0.0000e+00 3.6000e+00]
 [0.0000e+00 4.6000e+00 0.0000e+00 8.0000e-01 1.1940e+03 0.0000e+00
  0.0000e+00 2.8000e+00 8.0000e-01 1.5600e+01 2.6000e+00 5.6800e+01
  2.0000e-01 6.0000e-01 2.0000e-01]
 [1.1000e+01 2.0000e-01 2.0000e-01 3.8000e+00 0.0000e+00 1.7840e+02
  4.4400e+01 2.9200e+01 2.9800e+01 0.0000e+00 8.2000e+00 1.7400e+01
  1.1400e+01 0.0000e+00 0.0000e+00]
 [4.4200e+01 1.6200e+01 0.0000e+00 4.5600e+01 0.0000e+00 2.0000e-01
  1.1846e+03 1.5600e+01 1.1460e+02 1.3200e+01 1.5800e+01 2.6000e+00
  0.0000e+00 0.0000e+00 1.4000e+00]
 [7.8000e+00 1.8800e+01 0.0000e+00 1.2000e+00 3.2600e+01 1.6000e+00
  2.3200e+01 6.5320e+02 7.9600e+01 2.0820e+02 1.6400e+01 2.1040e+02
  3.7000e+01 8.2000e+00 3.5800e+01]
 [2.8000e+00 2.8600e+01 0.0000e+00 1.4000e+00 7.4000e+00 0.0000e+00
  1.9800e+01 8.2000e+00 1.3268e+03 4.8200e+01 1.4400e+01 7.3400e+01
  0.0000e+00 0.0000e+00 0.0000e+00]
 [0.0000e+00 0.0000e+00 0.0000e+00 0.0000e+00 0.0000e+00 0.0000e+00
  0.0000e+00 1.2000e+00 1.1000e+01 1.1816e+03 0.0000e+00 2.0920e+02
  0.0000e+00 0.0000e+00 0.0000e+00]
 [1.7800e+01 3.0000e+00 0.0000e+00 2.4000e+00 0.0000e+00 0.0000e+00
  2.8600e+01 3.8800e+01 3.9400e+01 5.8400e+01 1.3072e+03 3.3600e+01
  1.2800e+01 0.0000e+00 0.0000e+00]
 [0.0000e+00 0.0000e+00 6.2000e+00 0.0000e+00 2.9200e+01 0.0000e+00
  8.0000e+00 3.2800e+01 2.7800e+01 4.1000e+01 1.1000e+01 1.2440e+03
  8.0000e+00 0.0000e+00 0.0000e+00]
 [0.0000e+00 0.0000e+00 0.0000e+00 2.0000e-01 0.0000e+00 4.0000e-01
  1.7600e+01 5.2000e+00 1.5800e+01 3.1000e+01 2.2800e+01 8.2000e+00
  5.2020e+02 6.0000e-01 0.0000e+00]
 [0.0000e+00 5.4000e+00 0.0000e+00 5.2000e+00 5.8000e+00 0.0000e+00
  3.0000e+00 9.4000e+00 1.1000e+01 1.3000e+01 5.2000e+00 0.0000e+00
  2.0000e-01 4.4680e+02 0.0000e+00]
 [0.0000e+00 0.0000e+00 5.8600e+01 4.0000e+00 2.0400e+01 0.0000e+00
  4.0000e-01 6.0000e-01 0.0000e+00 0.0000e+00 2.2800e+01 0.0000e+00
  2.0000e+00 1.0000e+00 6.7620e+02]]---
Accuracy: 8198.11 +- 144.37
---
F1 scores :
	Healthy grass: 82.86 +- 2.94
	Stressed grass: 82.61 +- 4.05
	Synthetic grass: 88.34 +- 5.47
	Trees: 83.12 +- 5.92
	Soil: 92.33 +- 1.68
	Water: 67.95 +- 11.99
	Residential: 83.74 +- 5.02
	Commercial: 60.63 +- 3.13
	Road: 81.38 +- 5.06
	Highway: 77.67 +- 4.25
	Railway: 87.98 +- 2.22
	Parking Lot 1: 75.48 +- 6.46
	Parking Lot 2: 85.54 +- 3.77
	Tennis Court: 92.62 +- 5.68
	Running Track: 87.75 +- 4.61
---
Kappa: 80.50 +- 1.57


Agregated results :
patch_size :21
model :2dcnn
dataset_name :houston2013
batch_size :64
SAMPLE_PERCENTAGE :0.015
Confusion matrix :
[[1.2179e+03 6.6400e+01 0.0000e+00 3.2600e+01 0.0000e+00 1.1400e+01
  5.7000e+00 2.7000e+00 5.1000e+00 0.0000e+00 4.0000e+00 2.0000e-01
  6.1000e+00 0.0000e+00 9.0000e-01]
 [2.5170e+02 1.0780e+03 8.0000e-01 4.1600e+01 2.9000e+00 1.4000e+00
  1.3000e+01 2.8000e+00 3.0000e+01 4.0000e-01 1.4000e+00 1.0000e-01
  4.1000e+00 7.0000e-01 3.1000e+00]
 [0.0000e+00 0.0000e+00 7.1450e+02 0.0000e+00 8.0000e-01 0.0000e+00
  0.0000e+00 1.0000e-01 0.0000e+00 4.1700e+01 0.0000e+00 1.2000e+00
  0.0000e+00 0.0000e+00 2.4700e+01]
 [7.4600e+01 2.1300e+01 3.1000e+00 1.0530e+03 1.0000e-01 0.0000e+00
  5.2700e+01 4.8000e+00 1.4700e+01 0.0000e+00 1.1700e+01 1.0000e-01
  2.8000e+00 0.0000e+00 6.1000e+00]
 [3.0000e-01 2.5000e+00 1.0600e+01 1.0000e-01 1.1784e+03 0.0000e+00
  2.1000e+00 2.6600e+01 2.1000e+00 1.1100e+01 1.4800e+01 4.2000e+00
  4.2000e+00 4.9000e+00 1.7100e+01]
 [3.7000e+00 1.2000e+00 1.0500e+01 4.4000e+00 0.0000e+00 1.9470e+02
  4.8200e+01 1.6800e+01 2.2400e+01 1.4000e+00 7.5000e+00 6.0000e-01
  2.2500e+01 0.0000e+00 1.0000e-01]
 [2.8100e+01 2.7700e+01 4.0000e-01 5.3400e+01 0.0000e+00 8.9000e+00
  1.2197e+03 1.8000e+00 5.6400e+01 9.7000e+00 3.2200e+01 6.0000e-01
  8.8000e+00 3.5000e+00 2.8000e+00]
 [1.3000e+00 2.6300e+01 9.9000e+00 3.8000e+00 4.0100e+01 2.3000e+00
  5.3000e+00 7.5050e+02 5.3200e+01 1.7630e+02 6.1200e+01 1.0380e+02
  4.7800e+01 1.3600e+01 3.8600e+01]
 [1.1000e+00 2.3200e+01 1.1000e+00 1.6800e+01 5.6000e+00 4.0000e-01
  7.4900e+01 2.1000e+01 1.2075e+03 5.3000e+01 4.9500e+01 5.0300e+01
  2.5300e+01 1.3000e+00 0.0000e+00]
 [0.0000e+00 0.0000e+00 1.5000e+00 0.0000e+00 4.0000e-01 0.0000e+00
  1.5000e+00 3.2700e+01 1.7500e+01 1.1760e+03 2.5700e+01 1.4770e+02
  0.0000e+00 0.0000e+00 0.0000e+00]
 [2.7000e+00 6.5000e+00 1.0900e+01 7.3000e+00 0.0000e+00 0.0000e+00
  1.2300e+01 1.7500e+01 7.3600e+01 1.1370e+02 1.2568e+03 1.9700e+01
  2.0000e+01 1.0000e-01 9.0000e-01]
 [0.0000e+00 1.0000e-01 1.1500e+01 3.0000e-01 2.8100e+01 0.0000e+00
  1.7000e+00 1.3370e+02 3.4900e+01 2.2430e+02 2.3100e+01 9.3830e+02
  1.2000e+01 0.0000e+00 0.0000e+00]
 [0.0000e+00 0.0000e+00 2.3000e+00 5.4000e+00 0.0000e+00 5.8000e+00
  1.3800e+01 7.4000e+00 1.1300e+01 2.9300e+01 1.1200e+01 2.1000e+00
  5.3340e+02 0.0000e+00 0.0000e+00]
 [0.0000e+00 1.7500e+01 4.7000e+00 9.0000e-01 4.7000e+01 5.8000e+00
  7.0000e-01 7.4000e+00 2.2000e+00 1.1000e+00 6.8000e+00 6.0000e-01
  1.7200e+01 3.8200e+02 1.1100e+01]
 [2.0000e+00 2.4000e+00 6.0200e+01 7.7000e+00 1.7800e+01 2.2000e+00
  8.0000e-01 1.4000e+00 1.0000e-01 0.0000e+00 2.2000e+00 0.0000e+00
  3.0000e+00 5.0000e-01 6.8570e+02]]---
Accuracy: 7986.83 +- 394.19
---
F1 scores :
	Healthy grass: 83.10 +- 4.57
	Stressed grass: 79.69 +- 6.86
	Synthetic grass: 88.17 +- 5.60
	Trees: 84.99 +- 5.22
	Soil: 90.61 +- 3.87
	Water: 67.12 +- 15.40
	Residential: 84.00 +- 3.69
	Commercial: 64.42 +- 7.52
	Road: 78.73 +- 4.52
	Highway: 72.71 +- 8.26
	Railway: 82.77 +- 5.96
	Parking Lot 1: 67.47 +- 19.77
	Parking Lot 2: 81.94 +- 9.41
	Tennis Court: 82.79 +- 11.59
	Running Track: 86.89 +- 5.08
---
Kappa: 78.24 +- 4.24


Agregated results :
patch_size :21
model :2dcnn
dataset_name :houston2013
batch_size :64
SAMPLE_PERCENTAGE :0.015
Confusion matrix :
[[1.1948e+03 8.3800e+01 0.0000e+00 4.3000e+01 0.0000e+00 9.8000e+00
  1.6000e+00 7.1000e+00 4.4000e+00 1.7000e+00 2.9000e+00 1.7000e+00
  2.2000e+00 0.0000e+00 0.0000e+00]
 [2.6970e+02 1.0282e+03 0.0000e+00 8.1700e+01 2.9000e+00 4.9000e+00
  6.9000e+00 3.2000e+00 2.5800e+01 1.0000e-01 1.9000e+00 2.0000e+00
  0.0000e+00 3.7000e+00 1.0000e+00]
 [0.0000e+00 0.0000e+00 7.2180e+02 0.0000e+00 4.0000e-01 0.0000e+00
  0.0000e+00 9.0000e-01 0.0000e+00 2.8500e+01 0.0000e+00 1.1700e+01
  0.0000e+00 0.0000e+00 1.9700e+01]
 [6.0200e+01 2.0900e+01 1.1000e+00 1.0692e+03 1.0000e+00 5.0000e-01
  2.9900e+01 1.0700e+01 2.2100e+01 1.0500e+01 4.6000e+00 5.0000e+00
  2.0000e+00 1.0000e-01 7.2000e+00]
 [0.0000e+00 1.2000e+00 3.0000e-01 7.0000e-01 1.2366e+03 0.0000e+00
  7.0000e-01 1.4300e+01 7.0000e-01 4.5000e+00 7.5000e+00 1.0200e+01
  9.0000e-01 0.0000e+00 1.4000e+00]
 [9.3000e+00 0.0000e+00 1.0000e-01 1.2400e+01 0.0000e+00 1.7110e+02
  7.2400e+01 1.7400e+01 1.2700e+01 6.0000e-01 1.1900e+01 6.2000e+00
  1.5800e+01 0.0000e+00 4.1000e+00]
 [3.3000e+01 1.0400e+01 0.0000e+00 7.5500e+01 0.0000e+00 1.1000e+00
  1.2628e+03 1.3800e+01 2.6900e+01 1.2500e+01 9.9000e+00 8.0000e-01
  3.3000e+00 5.0000e-01 3.5000e+00]
 [1.8000e+00 1.9900e+01 1.1000e+00 1.2100e+01 3.5100e+01 3.4000e+00
  1.6000e+01 7.3960e+02 4.8500e+01 1.7170e+02 3.5900e+01 1.7570e+02
  3.0100e+01 1.1100e+01 3.2000e+01]
 [4.9000e+00 3.0700e+01 0.0000e+00 1.7700e+01 1.1300e+01 7.0000e-01
  7.9300e+01 2.3000e+01 1.2120e+03 2.9200e+01 2.0800e+01 9.6900e+01
  1.4000e+00 2.9000e+00 2.0000e-01]
 [0.0000e+00 0.0000e+00 0.0000e+00 0.0000e+00 1.0000e-01 0.0000e+00
  1.0000e+00 2.8000e+00 5.3000e+00 1.1965e+03 1.5000e+00 1.9580e+02
  0.0000e+00 0.0000e+00 0.0000e+00]
 [3.2000e+00 2.2000e+00 0.0000e+00 1.4800e+01 0.0000e+00 5.0000e-01
  1.1700e+01 2.3100e+01 1.9600e+01 7.2900e+01 1.3430e+03 3.2600e+01
  1.8400e+01 0.0000e+00 0.0000e+00]
 [0.0000e+00 1.0000e+00 3.2000e+00 1.0000e-01 7.0300e+01 4.0000e-01
  2.4000e+00 3.9800e+01 3.1200e+01 7.3200e+01 3.0400e+01 1.1487e+03
  6.2000e+00 8.0000e-01 3.0000e-01]
 [0.0000e+00 0.0000e+00 0.0000e+00 0.0000e+00 0.0000e+00 4.9000e+00
  2.9100e+01 2.5000e+00 4.0000e+00 2.7900e+01 2.3900e+01 4.0000e+00
  5.2570e+02 0.0000e+00 0.0000e+00]
 [0.0000e+00 2.1000e+00 0.0000e+00 2.9000e+00 2.1000e+00 0.0000e+00
  2.3000e+00 1.2800e+01 2.4000e+00 0.0000e+00 4.6000e+00 7.0000e-01
  2.3000e+00 4.7280e+02 0.0000e+00]
 [0.0000e+00 0.0000e+00 4.8300e+01 5.7000e+00 8.0000e-01 4.0000e-01
  1.9000e+00 5.0000e+00 0.0000e+00 0.0000e+00 7.5000e+00 0.0000e+00
  3.0000e-01 2.9000e+00 7.1320e+02]]---
Accuracy: 8251.13 +- 162.49
---
F1 scores :
	Healthy grass: 81.92 +- 4.97
	Stressed grass: 77.17 +- 8.32
	Synthetic grass: 92.54 +- 4.88
	Trees: 83.69 +- 6.16
	Soil: 93.79 +- 2.78
	Water: 62.88 +- 12.20
	Residential: 85.12 +- 3.49
	Commercial: 65.21 +- 7.01
	Road: 82.21 +- 3.94
	Highway: 78.89 +- 6.60
	Railway: 88.29 +- 3.83
	Parking Lot 1: 74.32 +- 4.29
	Parking Lot 2: 85.24 +- 6.18
	Tennis Court: 94.46 +- 3.75
	Running Track: 90.93 +- 2.78
---
Kappa: 81.09 +- 1.76


Agregated results :
patch_size :21
model :2dcnn
dataset_name :houston2013
batch_size :64
SAMPLE_PERCENTAGE :0.02
Confusion matrix :
[[1.2490e+03 4.3300e+01 0.0000e+00 2.8100e+01 0.0000e+00 3.0000e+00
  5.1000e+00 7.7000e+00 6.9000e+00 1.0000e-01 7.0000e-01 6.0000e-01
  1.9000e+00 4.0000e-01 2.0000e-01]
 [7.3700e+01 1.3041e+03 0.0000e+00 9.0000e+00 6.0000e-01 4.0000e-01
  5.5000e+00 6.1000e+00 1.9300e+01 0.0000e+00 4.0000e-01 2.4000e+00
  0.0000e+00 3.5000e+00 0.0000e+00]
 [0.0000e+00 0.0000e+00 7.3230e+02 0.0000e+00 0.0000e+00 0.0000e+00
  0.0000e+00 0.0000e+00 0.0000e+00 1.1700e+01 0.0000e+00 0.0000e+00
  0.0000e+00 0.0000e+00 3.5000e+01]
 [3.1000e+01 1.1200e+01 0.0000e+00 1.1324e+03 3.0000e-01 0.0000e+00
  1.5800e+01 8.8000e+00 2.9600e+01 0.0000e+00 1.0000e+00 3.2000e+00
  5.0000e-01 0.0000e+00 5.2000e+00]
 [0.0000e+00 4.0000e-01 0.0000e+00 1.0000e-01 1.2104e+03 0.0000e+00
  0.0000e+00 1.6000e+01 4.4000e+00 3.1000e+00 9.2000e+00 2.2900e+01
  2.0000e+00 2.3000e+00 1.2000e+00]
 [6.1000e+00 1.7000e+00 0.0000e+00 8.0000e-01 0.0000e+00 2.4760e+02
  3.9100e+01 1.3300e+01 1.2800e+01 7.0000e-01 4.2000e+00 4.4000e+00
  1.3000e+00 0.0000e+00 0.0000e+00]
 [1.7900e+01 1.8700e+01 0.0000e+00 1.6400e+01 0.0000e+00 0.0000e+00
  1.3218e+03 1.2500e+01 3.0500e+01 7.7000e+00 1.5500e+01 2.3000e+00
  2.0000e-01 1.9000e+00 6.0000e-01]
 [1.0000e-01 1.1900e+01 5.0000e-01 2.9000e+00 2.0200e+01 3.8000e+00
  5.8000e+00 9.2430e+02 6.0900e+01 1.0470e+02 1.0900e+01 1.2270e+02
  1.1700e+01 2.1500e+01 2.5100e+01]
 [0.0000e+00 1.3500e+01 0.0000e+00 9.0000e-01 1.8000e+00 0.0000e+00
  3.4300e+01 3.5000e+00 1.3854e+03 2.1100e+01 1.4800e+01 4.4700e+01
  3.0000e+00 0.0000e+00 0.0000e+00]
 [0.0000e+00 0.0000e+00 0.0000e+00 0.0000e+00 0.0000e+00 0.0000e+00
  0.0000e+00 1.4500e+01 3.8000e+00 1.2900e+03 6.0000e-01 8.5800e+01
  1.3000e+00 0.0000e+00 0.0000e+00]
 [4.0000e-01 1.1000e+00 0.0000e+00 3.0000e-01 0.0000e+00 0.0000e+00
  8.0000e-01 1.8200e+01 1.4100e+01 2.9300e+01 1.4562e+03 9.0000e+00
  5.6000e+00 0.0000e+00 0.0000e+00]
 [0.0000e+00 6.0000e-01 3.9000e+00 0.0000e+00 2.0800e+01 4.0000e-01
  4.5000e+00 1.8000e+01 4.2000e+01 4.9300e+01 5.3000e+00 1.2509e+03
  4.3000e+00 0.0000e+00 0.0000e+00]
 [0.0000e+00 0.0000e+00 0.0000e+00 1.3000e+00 0.0000e+00 0.0000e+00
  9.6000e+00 4.7000e+00 1.0900e+01 2.4100e+01 1.4300e+01 6.9000e+00
  5.4720e+02 0.0000e+00 0.0000e+00]
 [0.0000e+00 0.0000e+00 0.0000e+00 1.0000e-01 0.0000e+00 0.0000e+00
  7.0000e-01 1.1400e+01 3.1000e+00 0.0000e+00 0.0000e+00 9.0000e-01
  1.9000e+00 4.8490e+02 0.0000e+00]
 [3.0000e-01 2.7000e+00 1.7100e+01 7.0000e-01 0.0000e+00 0.0000e+00
  2.8000e+00 2.4000e+00 0.0000e+00 0.0000e+00 9.1000e+00 0.0000e+00
  6.0000e-01 1.8000e+00 7.4450e+02]]---
Accuracy: 9028.66 +- 116.28
---
F1 scores :
	Healthy grass: 91.64 +- 2.79
	Stressed grass: 92.00 +- 2.78
	Synthetic grass: 95.51 +- 2.48
	Trees: 93.12 +- 1.41
	Soil: 95.82 +- 1.78
	Water: 83.56 +- 9.78
	Residential: 91.43 +- 1.63
	Commercial: 77.28 +- 6.53
	Road: 88.06 +- 2.09
	Highway: 87.93 +- 4.70
	Railway: 94.65 +- 1.25
	Parking Lot 1: 84.62 +- 3.05
	Parking Lot 2: 91.09 +- 4.05
	Tennis Court: 95.13 +- 2.30
	Running Track: 93.35 +- 3.32
---
Kappa: 89.50 +- 1.26


Agregated results :
patch_size :21
model :2dcnn
dataset_name :houston2013
batch_size :64
SAMPLE_PERCENTAGE :0.05
Confusion matrix :
[[1.2461e+03 2.0000e+01 0.0000e+00 1.7400e+01 0.0000e+00 1.2500e+01
  3.0000e-01 7.0000e+00 4.0000e-01 0.0000e+00 0.0000e+00 0.0000e+00
  1.2000e+00 0.0000e+00 1.0000e-01]
 [1.7700e+01 1.3507e+03 0.0000e+00 9.0000e-01 1.0000e-01 0.0000e+00
  2.3000e+00 4.8000e+00 4.3000e+00 0.0000e+00 0.0000e+00 1.0000e-01
  0.0000e+00 0.0000e+00 1.0000e-01]
 [0.0000e+00 0.0000e+00 7.4510e+02 0.0000e+00 1.0000e+00 0.0000e+00
  0.0000e+00 0.0000e+00 0.0000e+00 3.0000e-01 0.0000e+00 1.0000e-01
  0.0000e+00 0.0000e+00 8.5000e+00]
 [2.1300e+01 2.5800e+01 0.0000e+00 1.1188e+03 0.0000e+00 0.0000e+00
  5.1000e+00 7.4000e+00 1.8100e+01 0.0000e+00 0.0000e+00 6.0000e-01
  8.0000e-01 0.0000e+00 3.1000e+00]
 [0.0000e+00 0.0000e+00 0.0000e+00 1.1000e+00 1.2164e+03 0.0000e+00
  0.0000e+00 7.6000e+00 0.0000e+00 0.0000e+00 3.0000e-01 6.8000e+00
  1.0000e-01 0.0000e+00 7.0000e-01]
 [8.0000e-01 0.0000e+00 0.0000e+00 2.0000e-01 0.0000e+00 3.0390e+02
  1.4200e+01 1.0000e+00 1.9000e+00 0.0000e+00 0.0000e+00 0.0000e+00
  0.0000e+00 0.0000e+00 0.0000e+00]
 [1.1900e+01 1.1900e+01 0.0000e+00 3.5000e+00 0.0000e+00 4.0000e-01
  1.3393e+03 4.5000e+00 1.9900e+01 3.6000e+00 6.4000e+00 4.0000e-01
  2.0000e-01 0.0000e+00 0.0000e+00]
 [0.0000e+00 7.7000e+00 1.0000e-01 2.5000e+00 2.6200e+01 6.0000e-01
  5.0000e+00 1.1215e+03 2.1700e+01 4.9900e+01 1.5000e+00 2.9100e+01
  6.5000e+00 0.0000e+00 1.3700e+01]
 [0.0000e+00 4.6000e+00 0.0000e+00 1.7000e+00 0.0000e+00 0.0000e+00
  8.7000e+00 1.1300e+01 1.4029e+03 8.6000e+00 5.8000e+00 3.0200e+01
  1.6000e+00 6.0000e-01 0.0000e+00]
 [0.0000e+00 0.0000e+00 0.0000e+00 0.0000e+00 0.0000e+00 0.0000e+00
  0.0000e+00 1.3000e+00 1.5000e+00 1.3082e+03 2.0000e-01 4.1800e+01
  0.0000e+00 0.0000e+00 0.0000e+00]
 [0.0000e+00 1.0000e-01 0.0000e+00 0.0000e+00 0.0000e+00 0.0000e+00
  8.0000e-01 1.3000e+00 1.4500e+01 1.2400e+01 1.4550e+03 3.3000e+00
  6.0000e-01 0.0000e+00 0.0000e+00]
 [0.0000e+00 4.0000e-01 1.8000e+00 0.0000e+00 1.7000e+00 0.0000e+00
  3.3000e+00 1.5900e+01 1.8400e+01 3.4000e+00 1.5000e+00 1.3055e+03
  6.1000e+00 0.0000e+00 0.0000e+00]
 [0.0000e+00 0.0000e+00 0.0000e+00 0.0000e+00 0.0000e+00 0.0000e+00
  1.2000e+00 1.0400e+01 3.7000e+00 2.0500e+01 1.3000e+00 2.1000e+00
  5.6180e+02 0.0000e+00 0.0000e+00]
 [0.0000e+00 1.0000e-01 0.0000e+00 1.0000e-01 1.6000e+00 0.0000e+00
  0.0000e+00 4.0000e+00 9.0000e-01 0.0000e+00 0.0000e+00 0.0000e+00
  0.0000e+00 4.8130e+02 0.0000e+00]
 [0.0000e+00 3.0000e-01 1.3200e+01 1.9000e+00 1.7100e+01 0.0000e+00
  0.0000e+00 4.1000e+00 0.0000e+00 0.0000e+00 1.5000e+00 0.0000e+00
  0.0000e+00 0.0000e+00 7.1990e+02]]---
Accuracy: 9554.70 +- 186.15
---
F1 scores :
	Healthy grass: 95.74 +- 2.41
	Stressed grass: 96.55 +- 4.02
	Synthetic grass: 98.35 +- 1.28
	Trees: 95.11 +- 3.93
	Soil: 97.48 +- 2.42
	Water: 95.05 +- 2.66
	Residential: 96.26 +- 1.56
	Commercial: 90.16 +- 1.98
	Road: 94.02 +- 1.46
	Highway: 94.78 +- 3.56
	Railway: 98.26 +- 0.99
	Parking Lot 1: 94.08 +- 2.69
	Parking Lot 2: 95.22 +- 2.17
	Tennis Court: 99.23 +- 1.34
	Running Track: 95.53 +- 4.27
---
Kappa: 95.19 +- 2.01


Agregated results :
patch_size :21
model :2dcnn
dataset_name :houston2013
batch_size :64
SAMPLE_PERCENTAGE :5.0
Confusion matrix :
[[1.0906e+03 1.7640e+02 4.0000e-01 5.4200e+01 8.0000e+00 1.0400e+01
  4.0000e+00 6.6000e+00 1.6000e+00 0.0000e+00 2.0000e-01 2.2000e+00
  9.4000e+00 0.0000e+00 0.0000e+00]
 [2.2880e+02 1.0250e+03 0.0000e+00 1.2540e+02 2.2000e+00 1.3000e+01
  3.6000e+00 2.2000e+00 3.0200e+01 1.0000e+00 0.0000e+00 3.6000e+00
  1.0000e+00 5.4000e+00 2.6000e+00]
 [0.0000e+00 0.0000e+00 7.1280e+02 0.0000e+00 4.0000e-01 2.0000e-01
  4.0000e-01 6.0000e-01 0.0000e+00 2.6800e+01 0.0000e+00 1.0000e+00
  6.6000e+00 0.0000e+00 3.6200e+01]
 [9.3400e+01 6.9000e+01 0.0000e+00 9.9180e+02 4.2000e+00 2.8000e+00
  2.4000e+01 4.4000e+00 3.9600e+01 6.0000e-01 3.0000e+00 6.0000e+00
  3.0000e+00 2.0000e-01 1.2000e+01]
 [0.0000e+00 8.0000e-01 1.4000e+00 8.0000e-01 1.2408e+03 0.0000e+00
  0.0000e+00 8.0000e-01 1.4000e+00 3.1200e+01 4.0000e-01 2.8000e+00
  3.8000e+00 3.0000e+00 8.0000e-01]
 [1.6000e+00 0.0000e+00 0.0000e+00 4.0000e+00 6.0000e-01 2.9120e+02
  2.5200e+01 0.0000e+00 1.0000e+00 1.8000e+00 4.0000e-01 0.0000e+00
  0.0000e+00 0.0000e+00 3.2000e+00]
 [2.4000e+01 5.1800e+01 2.0000e-01 1.1040e+02 0.0000e+00 1.8800e+01
  1.1842e+03 1.3600e+01 4.5800e+01 2.8000e+00 8.6000e+00 0.0000e+00
  2.6000e+00 2.0000e+00 1.2000e+00]
 [8.0000e-01 1.9800e+01 1.0000e+00 9.6000e+00 3.4600e+01 1.2000e+01
  1.1200e+01 7.7700e+02 7.3600e+01 1.3780e+02 1.2000e+01 1.4340e+02
  4.9200e+01 3.6800e+01 2.5200e+01]
 [5.6000e+00 8.4400e+01 0.0000e+00 4.1400e+01 1.4000e+01 7.6000e+00
  6.5400e+01 1.4400e+01 1.1396e+03 1.2020e+02 5.4000e+00 4.0000e+01
  4.6000e+00 1.4000e+00 0.0000e+00]
 [0.0000e+00 2.0000e-01 0.0000e+00 0.0000e+00 1.6000e+01 0.0000e+00
  2.4000e+00 9.0600e+01 3.4000e+00 1.1380e+03 5.4000e+00 1.5800e+02
  0.0000e+00 0.0000e+00 0.0000e+00]
 [1.0000e+00 1.6600e+01 1.4000e+00 1.3800e+01 2.0000e-01 0.0000e+00
  6.5600e+01 7.9000e+01 3.3800e+01 1.4160e+02 1.0392e+03 8.9200e+01
  7.4600e+01 0.0000e+00 0.0000e+00]
 [0.0000e+00 4.0000e-01 1.1600e+01 0.0000e+00 6.9800e+01 3.8000e+00
  1.0000e+00 4.1000e+01 3.7400e+01 2.3880e+02 6.2000e+00 1.0040e+03
  4.6000e+00 0.0000e+00 4.0000e-01]
 [0.0000e+00 0.0000e+00 2.0000e-01 4.0000e-01 0.0000e+00 1.8000e+00
  8.0000e-01 7.6000e+00 3.4000e+00 2.7400e+01 5.6000e+00 8.4000e+00
  5.6640e+02 0.0000e+00 0.0000e+00]
 [0.0000e+00 0.0000e+00 0.0000e+00 0.0000e+00 0.0000e+00 0.0000e+00
  0.0000e+00 1.2000e+00 6.0000e+00 0.0000e+00 0.0000e+00 0.0000e+00
  0.0000e+00 4.9580e+02 0.0000e+00]
 [0.0000e+00 0.0000e+00 5.8000e+01 3.8000e+00 1.1000e+01 2.6000e+00
  8.0000e-01 1.0000e+00 1.6000e+00 0.0000e+00 3.2000e+00 0.0000e+00
  4.0000e+00 2.2000e+00 6.9980e+02]]---
Accuracy: 7824.88 +- 224.03
---
F1 scores :
	Healthy grass: 77.47 +- 4.02
	Stressed grass: 71.27 +- 5.96
	Synthetic grass: 90.50 +- 5.32
	Trees: 76.39 +- 7.61
	Soil: 92.78 +- 6.03
	Water: 84.66 +- 6.54
	Residential: 83.01 +- 3.93
	Commercial: 65.60 +- 7.29
	Road: 76.42 +- 7.59
	Highway: 69.84 +- 6.26
	Railway: 78.55 +- 2.11
	Parking Lot 1: 69.57 +- 2.55
	Parking Lot 2: 83.94 +- 2.97
	Tennis Court: 94.54 +- 2.69
	Running Track: 89.04 +- 4.06
---
Kappa: 76.51 +- 2.42


Agregated results :
patch_size :21
model :2dcnn
dataset_name :houston2013
batch_size :64
SAMPLE_PERCENTAGE :5.0
Confusion matrix :
[[1.1538e+03 1.6540e+02 0.0000e+00 2.0200e+01 1.2000e+00 6.6000e+00
  4.4000e+00 1.8000e+00 5.2000e+00 0.0000e+00 1.6000e+00 2.0000e-01
  1.8000e+00 2.0000e-01 1.6000e+00]
 [3.5900e+02 9.2240e+02 0.0000e+00 8.1600e+01 2.2000e+00 3.6000e+00
  9.6000e+00 4.0000e-01 5.9600e+01 2.0000e-01 0.0000e+00 4.0000e-01
  6.0000e-01 1.8000e+00 2.6000e+00]
 [0.0000e+00 0.0000e+00 6.7740e+02 0.0000e+00 0.0000e+00 0.0000e+00
  0.0000e+00 2.0000e-01 0.0000e+00 4.5400e+01 0.0000e+00 9.2000e+00
  0.0000e+00 0.0000e+00 5.2800e+01]
 [7.0800e+01 6.6400e+01 4.0000e-01 9.9340e+02 2.0000e-01 4.0000e-01
  5.6000e+01 1.0600e+01 2.4600e+01 9.4000e+00 4.0000e-01 3.4000e+00
  3.8000e+00 6.0000e-01 1.3600e+01]
 [0.0000e+00 2.0000e-01 6.0000e-01 1.2000e+00 1.2070e+03 8.0000e-01
  1.0000e+00 1.4600e+01 6.0000e-01 1.5000e+01 9.8000e+00 3.6000e+00
  5.6000e+00 1.9800e+01 8.2000e+00]
 [1.8800e+01 5.0000e+00 0.0000e+00 1.8000e+00 0.0000e+00 2.6800e+02
  2.1600e+01 7.8000e+00 2.4000e+00 1.2000e+00 0.0000e+00 0.0000e+00
  2.4000e+00 0.0000e+00 0.0000e+00]
 [4.3400e+01 4.2000e+01 0.0000e+00 5.6600e+01 0.0000e+00 1.5600e+01
  1.2086e+03 1.0000e+01 4.1000e+01 2.2800e+01 8.6000e+00 0.0000e+00
  7.4000e+00 8.8000e+00 1.2000e+00]
 [0.0000e+00 1.9800e+01 2.0000e-01 1.3800e+01 5.4400e+01 6.6000e+00
  4.2000e+00 6.4420e+02 5.5800e+01 2.2740e+02 1.0200e+01 2.0720e+02
  2.5000e+01 3.4000e+01 4.1200e+01]
 [9.0000e+00 4.0200e+01 1.4000e+00 2.5800e+01 1.4600e+01 6.0000e-01
  1.1200e+02 3.4800e+01 1.1006e+03 1.1600e+02 1.4400e+01 5.2400e+01
  1.4000e+00 2.0600e+01 2.0000e-01]
 [0.0000e+00 2.4000e+00 2.0000e-01 0.0000e+00 2.3200e+01 0.0000e+00
  1.6000e+00 2.5200e+01 1.1600e+01 1.1826e+03 1.1600e+01 1.5560e+02
  0.0000e+00 0.0000e+00 0.0000e+00]
 [6.0000e-01 2.6200e+01 0.0000e+00 2.4400e+01 3.2000e+00 1.0000e+00
  6.6600e+01 2.1400e+01 4.7600e+01 2.9480e+02 9.4600e+02 7.6600e+01
  3.4400e+01 5.4000e+00 7.8000e+00]
 [2.0000e-01 0.0000e+00 2.4000e+00 0.0000e+00 1.2220e+02 1.4000e+00
  2.2000e+00 9.3400e+01 2.2600e+01 2.4300e+02 6.8000e+00 9.1440e+02
  9.0000e+00 1.4000e+00 0.0000e+00]
 [0.0000e+00 0.0000e+00 0.0000e+00 2.4000e+00 0.0000e+00 6.0000e-01
  3.8000e+00 8.2000e+00 8.0000e-01 3.3800e+01 8.6000e+00 4.2000e+00
  5.5960e+02 0.0000e+00 0.0000e+00]
 [1.0000e+00 0.0000e+00 0.0000e+00 0.0000e+00 0.0000e+00 0.0000e+00
  0.0000e+00 0.0000e+00 0.0000e+00 0.0000e+00 2.0000e-01 0.0000e+00
  2.6000e+00 4.9920e+02 0.0000e+00]
 [1.3800e+01 2.2000e+00 5.7400e+01 0.0000e+00 3.0000e+00 0.0000e+00
  0.0000e+00 1.2000e+00 0.0000e+00 0.0000e+00 1.6000e+00 0.0000e+00
  0.0000e+00 5.4000e+00 7.0340e+02]]---
Accuracy: 7582.13 +- 560.67
---
F1 scores :
	Healthy grass: 76.19 +- 4.84
	Stressed grass: 67.57 +- 8.26
	Synthetic grass: 88.37 +- 8.45
	Trees: 80.15 +- 4.22
	Soil: 89.29 +- 7.28
	Water: 84.62 +- 4.90
	Residential: 81.69 +- 2.77
	Commercial: 56.83 +- 11.05
	Road: 75.32 +- 4.32
	Highway: 67.49 +- 9.67
	Railway: 71.55 +- 17.16
	Parking Lot 1: 62.60 +- 13.77
	Parking Lot 2: 87.82 +- 5.17
	Tennis Court: 91.48 +- 7.57
	Running Track: 86.96 +- 6.14
---
Kappa: 73.88 +- 6.06


Agregated results :
patch_size :21
model :2dcnn
dataset_name :houston2013
batch_size :64
SAMPLE_PERCENTAGE :10.0
Confusion matrix :
[[1.2182e+03 8.3800e+01 0.0000e+00 4.1000e+01 2.0000e+00 2.6000e+00
  6.6000e+00 8.0000e-01 8.0000e-01 8.0000e-01 3.0000e+00 1.4000e+00
  8.0000e-01 2.0000e-01 2.0000e+00]
 [3.9260e+02 8.5140e+02 0.0000e+00 1.4160e+02 6.0000e-01 4.0000e+00
  1.9600e+01 8.0000e-01 2.1800e+01 4.0000e+00 1.0000e+00 1.2000e+00
  2.0000e-01 3.2000e+00 2.0000e+00]
 [0.0000e+00 0.0000e+00 6.7140e+02 0.0000e+00 1.0000e+00 0.0000e+00
  0.0000e+00 1.4000e+00 0.0000e+00 6.3800e+01 0.0000e+00 0.0000e+00
  0.0000e+00 0.0000e+00 4.7400e+01]
 [1.2120e+02 4.4400e+01 4.0000e-01 9.6120e+02 0.0000e+00 2.0000e-01
  6.8800e+01 5.6000e+00 2.7200e+01 2.4000e+00 4.0000e+00 6.2000e+00
  2.0000e-01 0.0000e+00 1.2200e+01]
 [0.0000e+00 0.0000e+00 0.0000e+00 1.0000e+00 1.1914e+03 0.0000e+00
  6.6000e+00 1.1400e+01 1.0000e+01 3.1800e+01 0.0000e+00 1.6000e+00
  4.0000e-01 2.4800e+01 9.0000e+00]
 [1.9800e+01 0.0000e+00 0.0000e+00 1.0400e+01 0.0000e+00 2.7140e+02
  2.2200e+01 1.0000e+00 1.4000e+00 0.0000e+00 2.6000e+00 0.0000e+00
  2.0000e-01 0.0000e+00 0.0000e+00]
 [6.6200e+01 2.7000e+01 2.0000e-01 8.6400e+01 0.0000e+00 0.0000e+00
  1.1650e+03 4.0000e+00 4.8600e+01 4.1400e+01 1.7800e+01 0.0000e+00
  1.6000e+00 6.4000e+00 1.4000e+00]
 [1.7600e+01 1.7800e+01 1.8000e+00 1.8800e+01 1.4800e+01 1.4200e+01
  2.0600e+01 6.1640e+02 7.4600e+01 2.6160e+02 1.4600e+01 1.6840e+02
  2.6600e+01 4.9400e+01 2.6800e+01]
 [6.8000e+00 2.0400e+01 0.0000e+00 2.4600e+01 2.2800e+01 2.0000e+00
  1.2480e+02 3.8000e+00 1.1588e+03 1.1840e+02 9.4000e+00 2.2600e+01
  1.0800e+01 1.7800e+01 1.0000e+00]
 [0.0000e+00 6.0000e-01 0.0000e+00 0.0000e+00 1.7600e+01 0.0000e+00
  0.0000e+00 4.6000e+00 4.2400e+01 1.2484e+03 0.0000e+00 1.0040e+02
  0.0000e+00 0.0000e+00 0.0000e+00]
 [2.4000e+01 1.7600e+01 6.8000e+00 7.2400e+01 0.0000e+00 2.0000e-01
  4.9400e+01 2.1800e+01 4.8200e+01 2.8980e+02 9.4120e+02 4.2800e+01
  3.3000e+01 8.0000e+00 8.0000e-01]
 [0.0000e+00 0.0000e+00 1.4000e+01 0.0000e+00 5.9200e+01 0.0000e+00
  5.4000e+00 3.8200e+01 4.4200e+01 3.7320e+02 3.2400e+01 8.4300e+02
  8.6000e+00 4.0000e-01 4.0000e-01]
 [0.0000e+00 0.0000e+00 0.0000e+00 2.6000e+00 0.0000e+00 0.0000e+00
  3.2600e+01 1.8000e+00 1.1000e+01 3.3000e+01 3.8000e+00 0.0000e+00
  5.3720e+02 0.0000e+00 0.0000e+00]
 [0.0000e+00 0.0000e+00 0.0000e+00 6.0000e+00 0.0000e+00 0.0000e+00
  0.0000e+00 0.0000e+00 0.0000e+00 4.0000e-01 0.0000e+00 0.0000e+00
  0.0000e+00 4.9660e+02 0.0000e+00]
 [0.0000e+00 0.0000e+00 7.6400e+01 3.4000e+00 1.4000e+00 1.0000e+00
  2.0000e-01 4.0000e+00 0.0000e+00 0.0000e+00 2.0000e+00 0.0000e+00
  0.0000e+00 5.6000e+00 6.9400e+02]]---
Accuracy: 7514.95 +- 235.12
---
F1 scores :
	Healthy grass: 75.85 +- 5.51
	Stressed grass: 67.50 +- 6.08
	Synthetic grass: 86.21 +- 9.06
	Trees: 73.52 +- 5.45
	Soil: 91.68 +- 3.32
	Water: 86.91 +- 3.46
	Residential: 77.78 +- 4.67
	Commercial: 59.65 +- 5.56
	Road: 76.45 +- 2.61
	Highway: 64.54 +- 4.77
	Railway: 70.51 +- 17.60
	Parking Lot 1: 63.99 +- 8.58
	Parking Lot 2: 86.52 +- 5.14
	Tennis Court: 89.68 +- 8.34
	Running Track: 87.39 +- 4.24
---
Kappa: 73.16 +- 2.53

