
Agregated results :
patch_size :21
model :2dcnn
dataset_name :Salinas
batch_size :64
SAMPLE_PERCENTAGE :0.01
Confusion matrix :
[[1.98200e+03 7.00000e+00 0.00000e+00 0.00000e+00 0.00000e+00 0.00000e+00
  0.00000e+00 0.00000e+00 0.00000e+00 0.00000e+00 0.00000e+00 0.00000e+00
  0.00000e+00 0.00000e+00 0.00000e+00 0.00000e+00]
 [2.14000e+01 3.66610e+03 0.00000e+00 3.00000e-01 0.00000e+00 0.00000e+00
  0.00000e+00 3.00000e-01 0.00000e+00 7.00000e-01 1.00000e-01 0.00000e+00
  0.00000e+00 0.00000e+00 1.00000e-01 0.00000e+00]
 [0.00000e+00 0.00000e+00 1.93260e+03 2.00000e-01 1.44000e+01 2.00000e-01
  0.00000e+00 0.00000e+00 8.60000e+00 0.00000e+00 0.00000e+00 0.00000e+00
  0.00000e+00 0.00000e+00 0.00000e+00 0.00000e+00]
 [0.00000e+00 0.00000e+00 0.00000e+00 1.36750e+03 5.70000e+00 0.00000e+00
  0.00000e+00 6.80000e+00 0.00000e+00 0.00000e+00 0.00000e+00 0.00000e+00
  0.00000e+00 0.00000e+00 0.00000e+00 0.00000e+00]
 [0.00000e+00 0.00000e+00 2.30000e+00 1.72000e+01 2.63150e+03 0.00000e+00
  0.00000e+00 0.00000e+00 0.00000e+00 0.00000e+00 0.00000e+00 0.00000e+00
  0.00000e+00 0.00000e+00 0.00000e+00 0.00000e+00]
 [0.00000e+00 0.00000e+00 0.00000e+00 0.00000e+00 1.15000e+01 3.90850e+03
  0.00000e+00 0.00000e+00 0.00000e+00 0.00000e+00 0.00000e+00 0.00000e+00
  0.00000e+00 0.00000e+00 0.00000e+00 0.00000e+00]
 [1.00000e-01 0.00000e+00 9.00000e-01 0.00000e+00 0.00000e+00 7.80000e+00
  3.52260e+03 3.90000e+00 1.00000e-01 1.00000e-01 6.00000e-01 0.00000e+00
  0.00000e+00 0.00000e+00 0.00000e+00 6.90000e+00]
 [6.00000e-01 0.00000e+00 0.00000e+00 0.00000e+00 5.10000e+00 0.00000e+00
  0.00000e+00 1.07595e+04 0.00000e+00 5.90000e+00 1.00000e-01 1.80000e+00
  0.00000e+00 0.00000e+00 3.85000e+02 0.00000e+00]
 [0.00000e+00 0.00000e+00 0.00000e+00 0.00000e+00 0.00000e+00 0.00000e+00
  0.00000e+00 2.10000e+00 6.12990e+03 8.90000e+00 1.00000e-01 0.00000e+00
  0.00000e+00 0.00000e+00 0.00000e+00 0.00000e+00]
 [3.00000e-01 0.00000e+00 1.50000e+00 0.00000e+00 0.00000e+00 0.00000e+00
  0.00000e+00 6.00000e-01 1.76000e+01 3.21730e+03 1.60000e+00 0.00000e+00
  0.00000e+00 6.10000e+00 0.00000e+00 0.00000e+00]
 [3.60000e+00 0.00000e+00 2.50000e+00 0.00000e+00 5.00000e-01 0.00000e+00
  0.00000e+00 0.00000e+00 1.10000e+01 5.00000e-01 1.02370e+03 1.52000e+01
  0.00000e+00 0.00000e+00 0.00000e+00 0.00000e+00]
 [0.00000e+00 0.00000e+00 0.00000e+00 0.00000e+00 0.00000e+00 0.00000e+00
  0.00000e+00 0.00000e+00 0.00000e+00 0.00000e+00 0.00000e+00 1.90780e+03
  2.00000e-01 0.00000e+00 0.00000e+00 0.00000e+00]
 [0.00000e+00 0.00000e+00 0.00000e+00 0.00000e+00 0.00000e+00 0.00000e+00
  0.00000e+00 0.00000e+00 5.00000e-01 4.00000e-01 0.00000e+00 1.00000e+00
  8.97600e+02 7.50000e+00 0.00000e+00 0.00000e+00]
 [0.00000e+00 0.00000e+00 0.00000e+00 0.00000e+00 0.00000e+00 0.00000e+00
  0.00000e+00 4.00000e-01 3.00000e-01 4.80000e+00 0.00000e+00 0.00000e+00
  1.10000e+01 1.04250e+03 0.00000e+00 0.00000e+00]
 [0.00000e+00 0.00000e+00 0.00000e+00 2.05000e+01 0.00000e+00 0.00000e+00
  0.00000e+00 2.49700e+02 0.00000e+00 9.60000e+00 0.00000e+00 0.00000e+00
  0.00000e+00 0.00000e+00 6.91620e+03 0.00000e+00]
 [8.00000e-01 0.00000e+00 0.00000e+00 9.00000e+00 1.40000e+00 0.00000e+00
  1.19000e+01 3.00000e-01 6.80000e+00 6.00000e-01 0.00000e+00 0.00000e+00
  0.00000e+00 0.00000e+00 7.00000e-01 1.75750e+03]]---
Accuracy: 98.273 +- 0.711
---
F1 scores :
	Brocoli_green_weeds_1: 0.992 +- 0.010
	Brocoli_green_weeds_2: 0.996 +- 0.006
	Fallow: 0.992 +- 0.007
	Fallow_rough_plow: 0.979 +- 0.016
	Fallow_smooth: 0.989 +- 0.007
	Stubble: 0.998 +- 0.003
	Celery: 0.995 +- 0.005
	Grapes_untrained: 0.970 +- 0.014
	Soil_vinyard_develop: 0.995 +- 0.003
	Corn_senesced_green_weeds: 0.991 +- 0.003
	Lettuce_romaine_4wk: 0.983 +- 0.009
	Lettuce_romaine_5wk: 0.995 +- 0.005
	Lettuce_romaine_6wk: 0.989 +- 0.007
	Lettuce_romaine_7wk: 0.986 +- 0.007
	Vinyard_untrained: 0.953 +- 0.026
	Vinyard_vertical_trellis: 0.989 +- 0.012
---
Kappa: 0.981 +- 0.008


Agregated results :
patch_size :21
model :2dcnn
dataset_name :Salinas
batch_size :64
SAMPLE_PERCENTAGE :0.005
Confusion matrix :
[[1.87840e+03 1.18100e+02 0.00000e+00 0.00000e+00 0.00000e+00 0.00000e+00
  0.00000e+00 7.00000e-01 0.00000e+00 0.00000e+00 1.80000e+00 0.00000e+00
  0.00000e+00 0.00000e+00 0.00000e+00 0.00000e+00]
 [1.07900e+02 3.59220e+03 2.00000e-01 0.00000e+00 0.00000e+00 0.00000e+00
  0.00000e+00 6.00000e-01 0.00000e+00 2.00000e-01 4.80000e+00 0.00000e+00
  0.00000e+00 0.00000e+00 3.00000e-01 8.00000e-01]
 [0.00000e+00 9.00000e-01 1.78850e+03 2.90000e+00 2.14000e+01 0.00000e+00
  0.00000e+00 5.00000e-01 1.08500e+02 2.33000e+01 0.00000e+00 1.91000e+01
  0.00000e+00 0.00000e+00 6.00000e-01 3.00000e-01]
 [0.00000e+00 0.00000e+00 2.10000e+00 1.34740e+03 2.71000e+01 0.00000e+00
  0.00000e+00 1.04000e+01 0.00000e+00 0.00000e+00 0.00000e+00 0.00000e+00
  0.00000e+00 0.00000e+00 0.00000e+00 0.00000e+00]
 [0.00000e+00 0.00000e+00 2.30000e+01 1.10000e+01 2.62840e+03 2.40000e+00
  0.00000e+00 0.00000e+00 2.00000e-01 0.00000e+00 0.00000e+00 0.00000e+00
  0.00000e+00 0.00000e+00 0.00000e+00 0.00000e+00]
 [0.00000e+00 0.00000e+00 0.00000e+00 0.00000e+00 3.80000e+00 3.92980e+03
  5.40000e+00 0.00000e+00 0.00000e+00 0.00000e+00 0.00000e+00 0.00000e+00
  0.00000e+00 0.00000e+00 0.00000e+00 0.00000e+00]
 [7.80000e+00 1.20000e+00 0.00000e+00 0.00000e+00 0.00000e+00 1.24000e+01
  3.52300e+03 4.60000e+00 0.00000e+00 0.00000e+00 1.30000e+00 0.00000e+00
  0.00000e+00 0.00000e+00 0.00000e+00 1.07000e+01]
 [0.00000e+00 0.00000e+00 0.00000e+00 5.00000e-01 7.00000e+00 0.00000e+00
  0.00000e+00 1.00639e+04 0.00000e+00 2.03000e+01 0.00000e+00 0.00000e+00
  0.00000e+00 0.00000e+00 1.12330e+03 0.00000e+00]
 [0.00000e+00 0.00000e+00 1.02000e+01 0.00000e+00 1.10000e+01 2.00000e-01
  0.00000e+00 1.00000e+01 6.11510e+03 2.53000e+01 2.00000e-01 0.00000e+00
  0.00000e+00 0.00000e+00 0.00000e+00 0.00000e+00]
 [0.00000e+00 0.00000e+00 5.00000e-01 0.00000e+00 2.00000e-01 1.00000e-01
  0.00000e+00 5.30000e+00 9.20000e+01 3.15340e+03 2.10000e+00 0.00000e+00
  0.00000e+00 8.40000e+00 0.00000e+00 0.00000e+00]
 [1.00000e-01 1.00000e-01 3.50000e+00 0.00000e+00 3.10000e+00 0.00000e+00
  0.00000e+00 0.00000e+00 5.23000e+01 1.90000e+00 9.70600e+02 3.14000e+01
  0.00000e+00 0.00000e+00 0.00000e+00 0.00000e+00]
 [0.00000e+00 0.00000e+00 0.00000e+00 0.00000e+00 8.60000e+00 0.00000e+00
  0.00000e+00 0.00000e+00 2.10000e+00 0.00000e+00 0.00000e+00 1.90600e+03
  3.00000e-01 0.00000e+00 0.00000e+00 0.00000e+00]
 [0.00000e+00 0.00000e+00 0.00000e+00 0.00000e+00 1.00000e-01 0.00000e+00
  0.00000e+00 1.00000e+00 3.90000e+00 9.00000e+00 0.00000e+00 9.50000e+00
  8.82300e+02 5.20000e+00 0.00000e+00 0.00000e+00]
 [0.00000e+00 0.00000e+00 0.00000e+00 0.00000e+00 0.00000e+00 0.00000e+00
  0.00000e+00 6.70000e+00 1.00000e-01 1.63000e+01 0.00000e+00 0.00000e+00
  2.46000e+01 1.01440e+03 2.90000e+00 0.00000e+00]
 [0.00000e+00 0.00000e+00 0.00000e+00 1.97000e+01 0.00000e+00 0.00000e+00
  0.00000e+00 8.56800e+02 0.00000e+00 8.40000e+00 0.00000e+00 0.00000e+00
  0.00000e+00 0.00000e+00 6.34710e+03 0.00000e+00]
 [0.00000e+00 1.70000e+00 0.00000e+00 3.20000e+00 2.60000e+00 0.00000e+00
  8.58000e+01 9.60000e+00 1.13000e+01 0.00000e+00 0.00000e+00 0.00000e+00
  0.00000e+00 0.00000e+00 0.00000e+00 1.68380e+03]]---
Accuracy: 94.365 +- 1.664
---
F1 scores :
	Brocoli_green_weeds_1: 0.938 +- 0.076
	Brocoli_green_weeds_2: 0.969 +- 0.032
	Fallow: 0.939 +- 0.063
	Fallow_rough_plow: 0.972 +- 0.016
	Fallow_smooth: 0.977 +- 0.011
	Stubble: 0.997 +- 0.002
	Celery: 0.982 +- 0.013
	Grapes_untrained: 0.907 +- 0.038
	Soil_vinyard_develop: 0.974 +- 0.018
	Corn_senesced_green_weeds: 0.967 +- 0.020
	Lettuce_romaine_4wk: 0.949 +- 0.038
	Lettuce_romaine_5wk: 0.982 +- 0.014
	Lettuce_romaine_6wk: 0.971 +- 0.023
	Lettuce_romaine_7wk: 0.969 +- 0.026
	Vinyard_untrained: 0.860 +- 0.064
	Vinyard_vertical_trellis: 0.963 +- 0.026
---
Kappa: 0.937 +- 0.019


Agregated results :
patch_size :21
model :2dcnn
dataset_name :Salinas
batch_size :64
SAMPLE_PERCENTAGE :0.015
Confusion matrix :
[[1.97860e+03 4.00000e-01 0.00000e+00 0.00000e+00 0.00000e+00 0.00000e+00
  0.00000e+00 0.00000e+00 0.00000e+00 0.00000e+00 0.00000e+00 0.00000e+00
  0.00000e+00 0.00000e+00 0.00000e+00 0.00000e+00]
 [1.80000e+01 3.65180e+03 0.00000e+00 0.00000e+00 0.00000e+00 0.00000e+00
  0.00000e+00 1.00000e-01 0.00000e+00 0.00000e+00 1.00000e-01 0.00000e+00
  0.00000e+00 0.00000e+00 0.00000e+00 0.00000e+00]
 [0.00000e+00 0.00000e+00 1.94460e+03 0.00000e+00 2.00000e+00 0.00000e+00
  0.00000e+00 0.00000e+00 0.00000e+00 0.00000e+00 0.00000e+00 2.00000e-01
  0.00000e+00 0.00000e+00 0.00000e+00 2.00000e-01]
 [0.00000e+00 0.00000e+00 0.00000e+00 1.35820e+03 3.10000e+00 0.00000e+00
  0.00000e+00 1.16000e+01 0.00000e+00 0.00000e+00 0.00000e+00 0.00000e+00
  0.00000e+00 0.00000e+00 1.00000e-01 0.00000e+00]
 [0.00000e+00 0.00000e+00 4.10000e+00 9.30000e+00 2.62460e+03 0.00000e+00
  0.00000e+00 0.00000e+00 0.00000e+00 0.00000e+00 0.00000e+00 0.00000e+00
  0.00000e+00 0.00000e+00 0.00000e+00 0.00000e+00]
 [0.00000e+00 0.00000e+00 0.00000e+00 0.00000e+00 1.60000e+00 3.89840e+03
  0.00000e+00 0.00000e+00 0.00000e+00 0.00000e+00 0.00000e+00 0.00000e+00
  0.00000e+00 0.00000e+00 0.00000e+00 0.00000e+00]
 [0.00000e+00 0.00000e+00 0.00000e+00 0.00000e+00 0.00000e+00 5.10000e+00
  3.51640e+03 0.00000e+00 0.00000e+00 0.00000e+00 0.00000e+00 0.00000e+00
  0.00000e+00 0.00000e+00 0.00000e+00 3.50000e+00]
 [0.00000e+00 0.00000e+00 0.00000e+00 0.00000e+00 1.20000e+00 0.00000e+00
  0.00000e+00 1.08385e+04 0.00000e+00 1.30000e+00 0.00000e+00 0.00000e+00
  0.00000e+00 0.00000e+00 2.61000e+02 0.00000e+00]
 [0.00000e+00 0.00000e+00 0.00000e+00 0.00000e+00 0.00000e+00 0.00000e+00
  0.00000e+00 0.00000e+00 6.10910e+03 8.00000e-01 1.00000e-01 0.00000e+00
  0.00000e+00 0.00000e+00 0.00000e+00 0.00000e+00]
 [0.00000e+00 0.00000e+00 1.40000e+00 1.00000e-01 0.00000e+00 0.00000e+00
  0.00000e+00 0.00000e+00 6.30000e+00 3.22080e+03 0.00000e+00 0.00000e+00
  0.00000e+00 4.00000e-01 0.00000e+00 0.00000e+00]
 [2.00000e-01 0.00000e+00 1.10000e+01 0.00000e+00 0.00000e+00 0.00000e+00
  0.00000e+00 0.00000e+00 1.42000e+01 9.00000e+00 1.00790e+03 9.70000e+00
  0.00000e+00 0.00000e+00 0.00000e+00 0.00000e+00]
 [0.00000e+00 0.00000e+00 0.00000e+00 0.00000e+00 0.00000e+00 0.00000e+00
  0.00000e+00 0.00000e+00 0.00000e+00 0.00000e+00 6.00000e-01 1.89640e+03
  1.00000e+00 0.00000e+00 0.00000e+00 0.00000e+00]
 [0.00000e+00 0.00000e+00 0.00000e+00 0.00000e+00 0.00000e+00 0.00000e+00
  0.00000e+00 0.00000e+00 2.30000e+00 4.00000e-01 0.00000e+00 1.00000e-01
  8.95200e+02 4.00000e+00 0.00000e+00 0.00000e+00]
 [0.00000e+00 0.00000e+00 0.00000e+00 0.00000e+00 0.00000e+00 0.00000e+00
  0.00000e+00 0.00000e+00 0.00000e+00 3.70000e+00 0.00000e+00 0.00000e+00
  5.40000e+00 1.04490e+03 0.00000e+00 0.00000e+00]
 [0.00000e+00 0.00000e+00 0.00000e+00 5.20000e+00 0.00000e+00 0.00000e+00
  0.00000e+00 8.76000e+01 0.00000e+00 8.50000e+00 0.00000e+00 0.00000e+00
  0.00000e+00 0.00000e+00 7.05770e+03 0.00000e+00]
 [0.00000e+00 0.00000e+00 9.00000e-01 3.40000e+00 0.00000e+00 0.00000e+00
  4.00000e-01 1.20000e+00 3.10000e+00 7.00000e-01 0.00000e+00 0.00000e+00
  0.00000e+00 0.00000e+00 2.00000e-01 1.77010e+03]]---
Accuracy: 99.053 +- 0.524
---
F1 scores :
	Brocoli_green_weeds_1: 0.995 +- 0.010
	Brocoli_green_weeds_2: 0.997 +- 0.006
	Fallow: 0.995 +- 0.005
	Fallow_rough_plow: 0.988 +- 0.011
	Fallow_smooth: 0.996 +- 0.006
	Stubble: 0.999 +- 0.001
	Celery: 0.999 +- 0.001
	Grapes_untrained: 0.983 +- 0.010
	Soil_vinyard_develop: 0.998 +- 0.002
	Corn_senesced_green_weeds: 0.995 +- 0.005
	Lettuce_romaine_4wk: 0.977 +- 0.030
	Lettuce_romaine_5wk: 0.997 +- 0.003
	Lettuce_romaine_6wk: 0.993 +- 0.007
	Lettuce_romaine_7wk: 0.994 +- 0.006
	Vinyard_untrained: 0.975 +- 0.015
	Vinyard_vertical_trellis: 0.996 +- 0.003
---
Kappa: 0.989 +- 0.006


Agregated results :
patch_size :21
model :2dcnn
dataset_name :Salinas
batch_size :64
SAMPLE_PERCENTAGE :0.02
Confusion matrix :
[[1.96900e+03 0.00000e+00 0.00000e+00 0.00000e+00 0.00000e+00 0.00000e+00
  0.00000e+00 0.00000e+00 0.00000e+00 0.00000e+00 0.00000e+00 0.00000e+00
  0.00000e+00 0.00000e+00 0.00000e+00 0.00000e+00]
 [3.10000e+00 3.64890e+03 0.00000e+00 0.00000e+00 0.00000e+00 0.00000e+00
  0.00000e+00 0.00000e+00 0.00000e+00 0.00000e+00 0.00000e+00 0.00000e+00
  0.00000e+00 0.00000e+00 0.00000e+00 0.00000e+00]
 [0.00000e+00 1.00000e-01 1.93150e+03 0.00000e+00 4.40000e+00 0.00000e+00
  0.00000e+00 0.00000e+00 0.00000e+00 0.00000e+00 0.00000e+00 0.00000e+00
  0.00000e+00 0.00000e+00 0.00000e+00 0.00000e+00]
 [0.00000e+00 0.00000e+00 0.00000e+00 1.36010e+03 2.80000e+00 0.00000e+00
  0.00000e+00 3.10000e+00 0.00000e+00 0.00000e+00 0.00000e+00 0.00000e+00
  0.00000e+00 0.00000e+00 0.00000e+00 0.00000e+00]
 [0.00000e+00 0.00000e+00 3.00000e+00 7.50000e+00 2.61340e+03 1.00000e-01
  0.00000e+00 0.00000e+00 0.00000e+00 0.00000e+00 0.00000e+00 0.00000e+00
  0.00000e+00 0.00000e+00 0.00000e+00 0.00000e+00]
 [0.00000e+00 0.00000e+00 0.00000e+00 0.00000e+00 1.40000e+00 3.87860e+03
  0.00000e+00 0.00000e+00 0.00000e+00 0.00000e+00 0.00000e+00 0.00000e+00
  0.00000e+00 0.00000e+00 0.00000e+00 0.00000e+00]
 [0.00000e+00 0.00000e+00 0.00000e+00 0.00000e+00 1.00000e-01 4.50000e+00
  3.49920e+03 2.00000e-01 0.00000e+00 0.00000e+00 0.00000e+00 0.00000e+00
  0.00000e+00 0.00000e+00 0.00000e+00 3.00000e+00]
 [0.00000e+00 0.00000e+00 0.00000e+00 0.00000e+00 8.00000e-01 7.00000e-01
  0.00000e+00 1.06603e+04 0.00000e+00 6.00000e-01 1.60000e+00 0.00000e+00
  0.00000e+00 0.00000e+00 3.82000e+02 0.00000e+00]
 [0.00000e+00 0.00000e+00 0.00000e+00 0.00000e+00 0.00000e+00 0.00000e+00
  0.00000e+00 0.00000e+00 6.07180e+03 6.10000e+00 1.10000e+00 0.00000e+00
  0.00000e+00 0.00000e+00 0.00000e+00 0.00000e+00]
 [0.00000e+00 0.00000e+00 0.00000e+00 0.00000e+00 0.00000e+00 0.00000e+00
  0.00000e+00 0.00000e+00 5.50000e+00 3.20460e+03 0.00000e+00 0.00000e+00
  0.00000e+00 1.90000e+00 0.00000e+00 0.00000e+00]
 [0.00000e+00 0.00000e+00 3.50000e+00 0.00000e+00 3.00000e-01 0.00000e+00
  0.00000e+00 0.00000e+00 3.30000e+00 0.00000e+00 1.02640e+03 1.35000e+01
  0.00000e+00 0.00000e+00 0.00000e+00 0.00000e+00]
 [0.00000e+00 0.00000e+00 0.00000e+00 0.00000e+00 1.00000e-01 0.00000e+00
  0.00000e+00 0.00000e+00 0.00000e+00 0.00000e+00 0.00000e+00 1.88730e+03
  6.00000e-01 0.00000e+00 0.00000e+00 0.00000e+00]
 [0.00000e+00 0.00000e+00 0.00000e+00 0.00000e+00 0.00000e+00 0.00000e+00
  0.00000e+00 0.00000e+00 0.00000e+00 2.00000e-01 0.00000e+00 4.00000e-01
  8.92900e+02 4.50000e+00 0.00000e+00 0.00000e+00]
 [0.00000e+00 1.00000e-01 0.00000e+00 0.00000e+00 0.00000e+00 0.00000e+00
  0.00000e+00 0.00000e+00 0.00000e+00 3.90000e+00 0.00000e+00 0.00000e+00
  6.00000e-01 1.04440e+03 0.00000e+00 0.00000e+00]
 [0.00000e+00 0.00000e+00 0.00000e+00 1.00000e+00 0.00000e+00 0.00000e+00
  0.00000e+00 7.39000e+01 0.00000e+00 5.70000e+00 0.00000e+00 0.00000e+00
  0.00000e+00 0.00000e+00 7.04240e+03 0.00000e+00]
 [0.00000e+00 0.00000e+00 0.00000e+00 0.00000e+00 0.00000e+00 0.00000e+00
  5.20000e+00 0.00000e+00 2.10000e+00 1.00000e-01 0.00000e+00 0.00000e+00
  0.00000e+00 0.00000e+00 0.00000e+00 1.76360e+03]]---
Accuracy: 98.958 +- 1.733
---
F1 scores :
	Brocoli_green_weeds_1: 0.999 +- 0.002
	Brocoli_green_weeds_2: 1.000 +- 0.001
	Fallow: 0.997 +- 0.003
	Fallow_rough_plow: 0.995 +- 0.004
	Fallow_smooth: 0.996 +- 0.002
	Stubble: 0.999 +- 0.001
	Celery: 0.998 +- 0.004
	Grapes_untrained: 0.977 +- 0.047
	Soil_vinyard_develop: 0.999 +- 0.001
	Corn_senesced_green_weeds: 0.996 +- 0.002
	Lettuce_romaine_4wk: 0.989 +- 0.009
	Lettuce_romaine_5wk: 0.996 +- 0.003
	Lettuce_romaine_6wk: 0.996 +- 0.003
	Lettuce_romaine_7wk: 0.995 +- 0.003
	Vinyard_untrained: 0.971 +- 0.051
	Vinyard_vertical_trellis: 0.997 +- 0.006
---
Kappa: 0.988 +- 0.019


Agregated results :
patch_size :21
model :2dcnn
dataset_name :Salinas
batch_size :64
SAMPLE_PERCENTAGE :0.025
Confusion matrix :
[[1.95860e+03 3.00000e-01 0.00000e+00 0.00000e+00 0.00000e+00 0.00000e+00
  0.00000e+00 0.00000e+00 0.00000e+00 0.00000e+00 1.00000e-01 0.00000e+00
  0.00000e+00 0.00000e+00 0.00000e+00 0.00000e+00]
 [1.88900e+02 3.44120e+03 2.00000e-01 0.00000e+00 0.00000e+00 0.00000e+00
  4.00000e-01 2.20000e+00 0.00000e+00 0.00000e+00 0.00000e+00 0.00000e+00
  1.00000e-01 0.00000e+00 0.00000e+00 0.00000e+00]
 [0.00000e+00 2.00000e-01 1.92310e+03 0.00000e+00 3.50000e+00 0.00000e+00
  0.00000e+00 0.00000e+00 2.00000e-01 0.00000e+00 0.00000e+00 0.00000e+00
  0.00000e+00 0.00000e+00 0.00000e+00 0.00000e+00]
 [0.00000e+00 0.00000e+00 0.00000e+00 1.34470e+03 4.40000e+00 0.00000e+00
  0.00000e+00 9.70000e+00 0.00000e+00 0.00000e+00 0.00000e+00 0.00000e+00
  0.00000e+00 0.00000e+00 2.00000e-01 0.00000e+00]
 [0.00000e+00 0.00000e+00 1.70000e+00 2.90000e+00 2.60640e+03 0.00000e+00
  0.00000e+00 0.00000e+00 0.00000e+00 0.00000e+00 0.00000e+00 0.00000e+00
  0.00000e+00 0.00000e+00 0.00000e+00 0.00000e+00]
 [0.00000e+00 0.00000e+00 0.00000e+00 0.00000e+00 6.00000e-01 3.85940e+03
  0.00000e+00 0.00000e+00 0.00000e+00 0.00000e+00 0.00000e+00 0.00000e+00
  0.00000e+00 0.00000e+00 0.00000e+00 0.00000e+00]
 [0.00000e+00 0.00000e+00 0.00000e+00 0.00000e+00 0.00000e+00 2.00000e+00
  3.48800e+03 0.00000e+00 0.00000e+00 0.00000e+00 0.00000e+00 0.00000e+00
  0.00000e+00 0.00000e+00 0.00000e+00 0.00000e+00]
 [0.00000e+00 0.00000e+00 1.00000e-01 0.00000e+00 5.00000e-01 3.00000e-01
  0.00000e+00 1.06499e+04 1.00000e-01 6.00000e-01 0.00000e+00 0.00000e+00
  0.00000e+00 0.00000e+00 3.37500e+02 0.00000e+00]
 [0.00000e+00 0.00000e+00 0.00000e+00 0.00000e+00 0.00000e+00 0.00000e+00
  0.00000e+00 0.00000e+00 6.04460e+03 3.40000e+00 0.00000e+00 0.00000e+00
  0.00000e+00 0.00000e+00 0.00000e+00 0.00000e+00]
 [0.00000e+00 0.00000e+00 0.00000e+00 0.00000e+00 0.00000e+00 0.00000e+00
  0.00000e+00 0.00000e+00 1.18000e+01 3.18040e+03 6.00000e-01 0.00000e+00
  0.00000e+00 3.20000e+00 0.00000e+00 0.00000e+00]
 [0.00000e+00 0.00000e+00 4.40000e+00 0.00000e+00 0.00000e+00 0.00000e+00
  0.00000e+00 0.00000e+00 3.90000e+00 0.00000e+00 1.02280e+03 9.90000e+00
  0.00000e+00 0.00000e+00 0.00000e+00 0.00000e+00]
 [0.00000e+00 0.00000e+00 0.00000e+00 0.00000e+00 0.00000e+00 0.00000e+00
  0.00000e+00 0.00000e+00 0.00000e+00 0.00000e+00 0.00000e+00 1.87870e+03
  3.00000e-01 0.00000e+00 0.00000e+00 0.00000e+00]
 [0.00000e+00 0.00000e+00 0.00000e+00 0.00000e+00 0.00000e+00 0.00000e+00
  0.00000e+00 0.00000e+00 1.00000e-01 3.00000e-01 0.00000e+00 1.10000e+00
  8.86400e+02 5.10000e+00 0.00000e+00 0.00000e+00]
 [0.00000e+00 0.00000e+00 0.00000e+00 0.00000e+00 0.00000e+00 0.00000e+00
  0.00000e+00 0.00000e+00 0.00000e+00 2.10000e+00 0.00000e+00 0.00000e+00
  1.60000e+00 1.03930e+03 0.00000e+00 0.00000e+00]
 [0.00000e+00 0.00000e+00 0.00000e+00 3.40000e+00 0.00000e+00 0.00000e+00
  0.00000e+00 1.55800e+02 0.00000e+00 8.70000e+00 0.00000e+00 0.00000e+00
  0.00000e+00 0.00000e+00 6.91810e+03 0.00000e+00]
 [0.00000e+00 0.00000e+00 0.00000e+00 7.00000e-01 2.00000e-01 0.00000e+00
  1.10000e+00 0.00000e+00 3.00000e-01 0.00000e+00 0.00000e+00 0.00000e+00
  0.00000e+00 0.00000e+00 0.00000e+00 1.75970e+03]]---
Accuracy: 98.532 +- 1.658
---
F1 scores :
	Brocoli_green_weeds_1: 0.966 +- 0.094
	Brocoli_green_weeds_2: 0.965 +- 0.098
	Fallow: 0.997 +- 0.004
	Fallow_rough_plow: 0.992 +- 0.005
	Fallow_smooth: 0.997 +- 0.002
	Stubble: 1.000 +- 0.000
	Celery: 0.999 +- 0.001
	Grapes_untrained: 0.976 +- 0.031
	Soil_vinyard_develop: 0.998 +- 0.002
	Corn_senesced_green_weeds: 0.995 +- 0.003
	Lettuce_romaine_4wk: 0.991 +- 0.007
	Lettuce_romaine_5wk: 0.997 +- 0.002
	Lettuce_romaine_6wk: 0.995 +- 0.002
	Lettuce_romaine_7wk: 0.994 +- 0.003
	Vinyard_untrained: 0.966 +- 0.040
	Vinyard_vertical_trellis: 0.999 +- 0.001
---
Kappa: 0.984 +- 0.018


Agregated results :
patch_size :21
model :2dcnn
dataset_name :Salinas
batch_size :64
SAMPLE_PERCENTAGE :0.01
Confusion matrix :
[[1.5683e+03 4.1770e+02 0.0000e+00 0.0000e+00 0.0000e+00 1.2000e+00
  0.0000e+00 0.0000e+00 0.0000e+00 0.0000e+00 7.4000e+00 0.0000e+00
  7.2000e+00 2.2000e+00 0.0000e+00 0.0000e+00]
 [9.3130e+02 2.7047e+03 0.0000e+00 9.0000e-01 9.0000e-01 1.5800e+01
  2.7000e+00 0.0000e+00 4.2000e+00 8.7000e+00 5.9000e+00 0.0000e+00
  1.1000e+00 1.9800e+01 0.0000e+00 2.5000e+01]
 [5.0000e-01 4.0000e-01 1.6185e+03 4.4000e+00 4.9100e+01 0.0000e+00
  0.0000e+00 0.0000e+00 1.2250e+02 1.8800e+01 3.4000e+00 1.5290e+02
  2.0000e-01 0.0000e+00 1.0000e-01 2.0000e-01]
 [0.0000e+00 0.0000e+00 3.7000e+00 1.3156e+03 6.8600e+01 2.0000e-01
  0.0000e+00 3.0000e-01 0.0000e+00 6.0000e-01 0.0000e+00 0.0000e+00
  0.0000e+00 0.0000e+00 0.0000e+00 0.0000e+00]
 [0.0000e+00 0.0000e+00 1.7830e+02 1.1370e+02 2.3803e+03 4.0000e-01
  0.0000e+00 0.0000e+00 3.0000e-01 0.0000e+00 0.0000e+00 0.0000e+00
  0.0000e+00 0.0000e+00 0.0000e+00 0.0000e+00]
 [0.0000e+00 0.0000e+00 1.0000e-01 0.0000e+00 4.3400e+01 3.8867e+03
  2.3800e+01 0.0000e+00 0.0000e+00 0.0000e+00 0.0000e+00 0.0000e+00
  0.0000e+00 0.0000e+00 0.0000e+00 0.0000e+00]
 [2.2020e+02 1.0700e+01 4.0000e-01 6.6000e+00 3.1000e+00 7.8900e+01
  3.1138e+03 5.0000e-01 6.6000e+00 1.8000e+00 1.4000e+00 0.0000e+00
  0.0000e+00 0.0000e+00 0.0000e+00 1.3000e+02]
 [1.7400e+01 6.0000e-01 5.9000e+00 1.9200e+01 1.7700e+01 1.8000e+01
  1.3200e+01 6.0941e+03 4.9000e+00 1.4690e+02 1.4700e+01 2.7600e+01
  5.6800e+01 6.6000e+00 4.8170e+03 5.4000e+00]
 [3.3000e+00 0.0000e+00 3.1800e+01 0.0000e+00 6.3800e+01 5.9100e+01
  0.0000e+00 1.0000e-01 5.3668e+03 5.3010e+02 2.2800e+01 1.2020e+02
  0.0000e+00 0.0000e+00 0.0000e+00 0.0000e+00]
 [6.9000e+00 0.0000e+00 9.0000e-01 0.0000e+00 1.9000e+00 5.4000e+00
  0.0000e+00 8.7000e+00 3.4970e+02 2.7784e+03 3.6000e+00 4.1000e+00
  0.0000e+00 1.1190e+02 0.0000e+00 1.5000e+00]
 [0.0000e+00 0.0000e+00 1.0900e+01 0.0000e+00 1.5000e+00 0.0000e+00
  0.0000e+00 0.0000e+00 4.3600e+01 7.2000e+00 9.8230e+02 1.7500e+01
  0.0000e+00 0.0000e+00 0.0000e+00 0.0000e+00]
 [0.0000e+00 0.0000e+00 7.4200e+01 0.0000e+00 8.1000e+00 0.0000e+00
  0.0000e+00 0.0000e+00 2.8800e+01 1.3000e+00 3.6000e+00 1.7472e+03
  5.8800e+01 0.0000e+00 0.0000e+00 0.0000e+00]
 [0.0000e+00 0.0000e+00 0.0000e+00 0.0000e+00 0.0000e+00 7.0000e-01
  0.0000e+00 0.0000e+00 2.7000e+00 9.5000e+00 0.0000e+00 7.2000e+00
  8.2580e+02 6.5100e+01 0.0000e+00 0.0000e+00]
 [0.0000e+00 0.0000e+00 0.0000e+00 0.0000e+00 0.0000e+00 3.0000e-01
  0.0000e+00 0.0000e+00 2.9000e+00 1.2100e+01 4.0000e-01 0.0000e+00
  3.4200e+01 1.0151e+03 0.0000e+00 0.0000e+00]
 [0.0000e+00 0.0000e+00 0.0000e+00 9.9200e+01 4.0000e-01 0.0000e+00
  0.0000e+00 2.1181e+03 0.0000e+00 1.6200e+01 0.0000e+00 0.0000e+00
  0.0000e+00 0.0000e+00 5.0260e+03 3.1000e+00]
 [6.6000e+00 7.1000e+00 0.0000e+00 8.0000e-01 7.4000e+00 7.0000e-01
  1.2210e+02 6.0000e-01 5.7000e+00 1.1000e+00 0.0000e+00 0.0000e+00
  0.0000e+00 0.0000e+00 0.0000e+00 1.6499e+03]]---
Accuracy: 77.843 +- 5.863
---
F1 scores :
	Brocoli_green_weeds_1: 0.688 +- 0.130
	Brocoli_green_weeds_2: 0.752 +- 0.241
	Fallow: 0.834 +- 0.075
	Fallow_rough_plow: 0.902 +- 0.090
	Fallow_smooth: 0.889 +- 0.088
	Stubble: 0.969 +- 0.017
	Celery: 0.900 +- 0.116
	Grapes_untrained: 0.599 +- 0.156
	Soil_vinyard_develop: 0.841 +- 0.281
	Corn_senesced_green_weeds: 0.835 +- 0.118
	Lettuce_romaine_4wk: 0.931 +- 0.039
	Lettuce_romaine_5wk: 0.878 +- 0.097
	Lettuce_romaine_6wk: 0.857 +- 0.172
	Lettuce_romaine_7wk: 0.896 +- 0.089
	Vinyard_untrained: 0.582 +- 0.096
	Vinyard_vertical_trellis: 0.913 +- 0.039
---
Kappa: 0.755 +- 0.064


Agregated results :
patch_size :21
model :2dcnn
dataset_name :Salinas
batch_size :64
SAMPLE_PERCENTAGE :0.01
Confusion matrix :
[[1.9464e+03 5.2400e+01 0.0000e+00 0.0000e+00 0.0000e+00 0.0000e+00
  0.0000e+00 0.0000e+00 0.0000e+00 0.0000e+00 2.0000e-01 0.0000e+00
  0.0000e+00 0.0000e+00 0.0000e+00 0.0000e+00]
 [4.0110e+02 3.2816e+03 2.2000e+00 0.0000e+00 3.0000e-01 6.6000e+00
  9.4000e+00 0.0000e+00 0.0000e+00 3.9000e+00 5.7000e+00 4.0000e-01
  0.0000e+00 4.4000e+00 0.0000e+00 4.0000e-01]
 [1.0000e-01 0.0000e+00 1.8151e+03 1.3000e+00 3.2100e+01 0.0000e+00
  0.0000e+00 3.0000e-01 3.1100e+01 0.0000e+00 1.6000e+00 8.4400e+01
  0.0000e+00 0.0000e+00 0.0000e+00 0.0000e+00]
 [0.0000e+00 0.0000e+00 0.0000e+00 1.3706e+03 1.1300e+01 0.0000e+00
  0.0000e+00 1.4000e+00 0.0000e+00 0.0000e+00 0.0000e+00 0.0000e+00
  0.0000e+00 0.0000e+00 7.0000e-01 0.0000e+00]
 [0.0000e+00 0.0000e+00 2.1000e+01 3.1700e+01 2.6153e+03 0.0000e+00
  0.0000e+00 0.0000e+00 0.0000e+00 0.0000e+00 0.0000e+00 0.0000e+00
  0.0000e+00 0.0000e+00 0.0000e+00 0.0000e+00]
 [0.0000e+00 0.0000e+00 0.0000e+00 0.0000e+00 6.0500e+01 3.8524e+03
  3.6100e+01 0.0000e+00 0.0000e+00 0.0000e+00 0.0000e+00 0.0000e+00
  0.0000e+00 0.0000e+00 0.0000e+00 0.0000e+00]
 [3.6000e+00 0.0000e+00 4.0000e-01 2.0000e-01 1.4000e+00 4.7000e+00
  3.4899e+03 5.0000e-01 5.0000e-01 4.3000e+00 4.0000e-01 0.0000e+00
  0.0000e+00 0.0000e+00 0.0000e+00 6.3100e+01]
 [1.2400e+01 7.5000e+00 0.0000e+00 2.0500e+01 3.5700e+01 2.8000e+00
  4.1000e+00 6.4520e+03 2.0000e+00 2.3850e+02 6.0000e-01 1.1700e+01
  5.9000e+00 0.0000e+00 4.4630e+03 4.3000e+00]
 [9.1000e+00 0.0000e+00 2.0000e+00 2.9000e+00 6.5200e+01 1.9800e+01
  0.0000e+00 3.0000e+00 5.9629e+03 9.5700e+01 2.5400e+01 6.8000e+00
  0.0000e+00 0.0000e+00 0.0000e+00 2.0000e-01]
 [0.0000e+00 0.0000e+00 1.5000e+00 3.0000e-01 2.2000e+00 1.0000e-01
  0.0000e+00 2.0000e-01 1.1160e+02 3.0857e+03 9.4000e+00 1.3000e+01
  0.0000e+00 4.3800e+01 0.0000e+00 2.0000e-01]
 [4.0000e-01 2.0000e-01 8.3000e+00 0.0000e+00 6.0000e-01 0.0000e+00
  0.0000e+00 0.0000e+00 5.0000e+00 2.4000e+00 1.0147e+03 2.6400e+01
  0.0000e+00 0.0000e+00 0.0000e+00 0.0000e+00]
 [0.0000e+00 0.0000e+00 1.6800e+01 0.0000e+00 1.0900e+01 0.0000e+00
  1.0000e-01 0.0000e+00 0.0000e+00 4.0000e-01 2.0000e-01 1.8876e+03
  1.0000e+00 0.0000e+00 0.0000e+00 0.0000e+00]
 [0.0000e+00 0.0000e+00 0.0000e+00 0.0000e+00 0.0000e+00 0.0000e+00
  0.0000e+00 0.0000e+00 3.0000e-01 6.4000e+00 0.0000e+00 1.5000e+00
  8.9310e+02 4.7000e+00 0.0000e+00 0.0000e+00]
 [0.0000e+00 0.0000e+00 0.0000e+00 0.0000e+00 0.0000e+00 0.0000e+00
  0.0000e+00 0.0000e+00 0.0000e+00 1.2000e+01 0.0000e+00 0.0000e+00
  6.0000e-01 1.0474e+03 0.0000e+00 0.0000e+00]
 [0.0000e+00 0.0000e+00 0.0000e+00 1.0220e+02 8.0000e-01 0.0000e+00
  0.0000e+00 1.1068e+03 0.0000e+00 2.4500e+01 0.0000e+00 0.0000e+00
  0.0000e+00 0.0000e+00 6.0194e+03 4.3000e+00]
 [1.0000e+00 1.0000e-01 4.1000e+00 1.5000e+01 4.0000e-01 8.0000e-01
  8.2300e+01 0.0000e+00 3.9000e+00 0.0000e+00 0.0000e+00 0.0000e+00
  0.0000e+00 0.0000e+00 0.0000e+00 1.6894e+03]]---
Accuracy: 86.019 +- 2.205
---
F1 scores :
	Brocoli_green_weeds_1: 0.896 +- 0.088
	Brocoli_green_weeds_2: 0.926 +- 0.069
	Fallow: 0.943 +- 0.053
	Fallow_rough_plow: 0.940 +- 0.054
	Fallow_smooth: 0.951 +- 0.030
	Stubble: 0.983 +- 0.017
	Celery: 0.971 +- 0.014
	Grapes_untrained: 0.672 +- 0.118
	Soil_vinyard_develop: 0.969 +- 0.014
	Corn_senesced_green_weeds: 0.916 +- 0.031
	Lettuce_romaine_4wk: 0.959 +- 0.018
	Lettuce_romaine_5wk: 0.959 +- 0.048
	Lettuce_romaine_6wk: 0.989 +- 0.007
	Lettuce_romaine_7wk: 0.971 +- 0.034
	Vinyard_untrained: 0.678 +- 0.069
	Vinyard_vertical_trellis: 0.948 +- 0.032
---
Kappa: 0.845 +- 0.024


Agregated results :
patch_size :21
model :2dcnn
dataset_name :Salinas
batch_size :64
SAMPLE_PERCENTAGE :0.01
Confusion matrix :
[[1.96300e+03 2.57000e+01 0.00000e+00 0.00000e+00 0.00000e+00 0.00000e+00
  0.00000e+00 0.00000e+00 0.00000e+00 0.00000e+00 3.00000e-01 0.00000e+00
  0.00000e+00 0.00000e+00 0.00000e+00 0.00000e+00]
 [2.00000e-01 3.68700e+03 0.00000e+00 0.00000e+00 0.00000e+00 0.00000e+00
  0.00000e+00 1.80000e+00 0.00000e+00 0.00000e+00 0.00000e+00 0.00000e+00
  0.00000e+00 0.00000e+00 0.00000e+00 0.00000e+00]
 [4.00000e-01 1.80000e+00 1.93140e+03 1.70000e+00 1.79000e+01 0.00000e+00
  2.00000e-01 1.30000e+00 1.00000e+00 0.00000e+00 0.00000e+00 3.00000e-01
  0.00000e+00 0.00000e+00 0.00000e+00 0.00000e+00]
 [0.00000e+00 0.00000e+00 1.00000e-01 1.37190e+03 2.40000e+00 0.00000e+00
  0.00000e+00 5.60000e+00 0.00000e+00 0.00000e+00 0.00000e+00 0.00000e+00
  0.00000e+00 0.00000e+00 0.00000e+00 0.00000e+00]
 [0.00000e+00 0.00000e+00 1.32000e+01 1.94000e+01 2.61840e+03 0.00000e+00
  0.00000e+00 0.00000e+00 0.00000e+00 0.00000e+00 0.00000e+00 0.00000e+00
  0.00000e+00 0.00000e+00 0.00000e+00 0.00000e+00]
 [0.00000e+00 0.00000e+00 0.00000e+00 0.00000e+00 1.00000e+00 3.91900e+03
  0.00000e+00 0.00000e+00 0.00000e+00 0.00000e+00 0.00000e+00 0.00000e+00
  0.00000e+00 0.00000e+00 0.00000e+00 0.00000e+00]
 [0.00000e+00 1.00000e-01 0.00000e+00 0.00000e+00 0.00000e+00 7.00000e+00
  3.53380e+03 1.70000e+00 0.00000e+00 0.00000e+00 0.00000e+00 0.00000e+00
  0.00000e+00 0.00000e+00 0.00000e+00 4.00000e-01]
 [0.00000e+00 0.00000e+00 0.00000e+00 1.00000e-01 5.40000e+00 0.00000e+00
  0.00000e+00 1.02314e+04 0.00000e+00 3.80000e+00 0.00000e+00 0.00000e+00
  0.00000e+00 0.00000e+00 9.17300e+02 0.00000e+00]
 [3.20000e+00 0.00000e+00 1.00000e-01 0.00000e+00 0.00000e+00 2.50000e+00
  0.00000e+00 1.20000e+00 6.11230e+03 2.14000e+01 1.00000e-01 2.00000e-01
  0.00000e+00 0.00000e+00 0.00000e+00 0.00000e+00]
 [2.00000e-01 0.00000e+00 3.80000e+00 5.00000e-01 6.00000e-01 0.00000e+00
  1.00000e-01 2.90000e+00 1.67000e+01 3.20940e+03 1.00000e+00 0.00000e+00
  0.00000e+00 9.80000e+00 0.00000e+00 0.00000e+00]
 [0.00000e+00 1.00000e-01 1.44000e+01 0.00000e+00 7.00000e-01 0.00000e+00
  4.00000e-01 1.30000e+00 1.83000e+01 2.20000e+00 1.00940e+03 1.02000e+01
  0.00000e+00 0.00000e+00 0.00000e+00 0.00000e+00]
 [0.00000e+00 4.00000e-01 0.00000e+00 0.00000e+00 8.90000e+00 0.00000e+00
  0.00000e+00 1.70000e+00 0.00000e+00 0.00000e+00 0.00000e+00 1.89610e+03
  9.00000e-01 0.00000e+00 0.00000e+00 0.00000e+00]
 [0.00000e+00 0.00000e+00 0.00000e+00 0.00000e+00 0.00000e+00 0.00000e+00
  0.00000e+00 4.90000e+00 1.30000e+00 4.10000e+00 0.00000e+00 4.10000e+00
  8.69500e+02 2.31000e+01 0.00000e+00 0.00000e+00]
 [0.00000e+00 0.00000e+00 0.00000e+00 0.00000e+00 0.00000e+00 0.00000e+00
  0.00000e+00 1.10000e+00 3.50000e+00 9.80000e+00 0.00000e+00 0.00000e+00
  6.60000e+00 1.03800e+03 0.00000e+00 0.00000e+00]
 [0.00000e+00 0.00000e+00 0.00000e+00 8.10000e+00 0.00000e+00 0.00000e+00
  0.00000e+00 6.65600e+02 0.00000e+00 6.80000e+00 0.00000e+00 0.00000e+00
  0.00000e+00 0.00000e+00 6.51550e+03 0.00000e+00]
 [1.00000e-01 3.00000e-01 1.00000e-01 3.80000e+00 2.40000e+00 0.00000e+00
  1.30000e+01 1.20000e+00 6.80000e+00 0.00000e+00 0.00000e+00 0.00000e+00
  0.00000e+00 0.00000e+00 2.00000e+00 1.75930e+03]]---
Accuracy: 9641.23 +- 250.24
---
F1 scores :
	Brocoli_green_weeds_1: 99.23 +- 1.21
	Brocoli_green_weeds_2: 99.59 +- 0.53
	Fallow: 98.56 +- 1.02
	Fallow_rough_plow: 98.51 +- 0.97
	Fallow_smooth: 98.65 +- 0.41
	Stubble: 99.87 +- 0.13
	Celery: 99.68 +- 0.37
	Grapes_untrained: 92.67 +- 5.79
	Soil_vinyard_develop: 99.38 +- 0.52
	Corn_senesced_green_weeds: 98.72 +- 0.65
	Lettuce_romaine_4wk: 97.61 +- 1.36
	Lettuce_romaine_5wk: 99.30 +- 0.59
	Lettuce_romaine_6wk: 97.31 +- 4.38
	Lettuce_romaine_7wk: 97.54 +- 2.57
	Vinyard_untrained: 88.32 +- 10.82
	Vinyard_vertical_trellis: 99.14 +- 0.98
---
Kappa: 96.00 +- 2.79

