
Agregated results :
patch_size :21
model :2dcnn
dataset_name :WHU-Hi-HanChuan
batch_size :64
SAMPLE_PERCENTAGE :0.015
Confusion matrix :
[[4.38747e+04 0.00000e+00 3.00000e-01 0.00000e+00 0.00000e+00 1.53000e+01
  0.00000e+00 1.10000e+00 1.16000e+01 0.00000e+00 4.40000e+01 3.60000e+00
  5.64000e+01 5.70000e+01 0.00000e+00 0.00000e+00]
 [2.85000e+01 2.22584e+04 1.96000e+01 0.00000e+00 0.00000e+00 2.92000e+01
  1.10000e+00 5.16000e+01 1.70000e+00 0.00000e+00 0.00000e+00 1.90000e+00
  1.55000e+01 1.00000e-01 4.40000e+00 0.00000e+00]
 [7.00000e-01 1.50000e+00 1.00866e+04 3.28000e+01 0.00000e+00 2.60000e+00
  0.00000e+00 4.70000e+00 2.00000e-01 0.00000e+00 0.00000e+00 0.00000e+00
  3.90000e+00 0.00000e+00 0.00000e+00 0.00000e+00]
 [0.00000e+00 0.00000e+00 1.89000e+01 5.24450e+03 0.00000e+00 3.00000e-01
  0.00000e+00 0.00000e+00 0.00000e+00 0.00000e+00 0.00000e+00 0.00000e+00
  9.30000e+00 0.00000e+00 0.00000e+00 0.00000e+00]
 [0.00000e+00 6.80000e+00 0.00000e+00 0.00000e+00 1.15380e+03 1.49000e+01
  0.00000e+00 1.00000e-01 2.20000e+00 0.00000e+00 0.00000e+00 0.00000e+00
  4.10000e+00 1.00000e-01 0.00000e+00 0.00000e+00]
 [1.27600e+02 1.13400e+02 5.65000e+01 2.00000e-01 4.30000e+00 3.89780e+03
  3.20000e+00 7.95000e+01 4.42000e+01 1.50000e+00 0.00000e+00 0.00000e+00
  1.24100e+02 1.00000e-01 1.26000e+01 0.00000e+00]
 [0.00000e+00 7.00000e-01 1.00000e-01 0.00000e+00 0.00000e+00 1.30000e+00
  5.61900e+03 1.29800e+02 1.11000e+01 5.00000e-01 2.22000e+01 0.00000e+00
  2.65000e+01 3.80000e+00 0.00000e+00 0.00000e+00]
 [9.80000e+00 6.89000e+01 1.10900e+02 5.50000e+01 0.00000e+00 2.75000e+01
  4.34000e+01 1.70403e+04 9.32000e+01 3.67000e+01 1.14600e+02 0.00000e+00
  6.70000e+00 3.86000e+01 8.50000e+00 5.39000e+01]
 [6.20000e+00 7.59000e+01 0.00000e+00 0.00000e+00 5.30000e+00 4.94000e+01
  3.90000e+00 4.90000e+01 8.97290e+03 3.00000e-01 7.00000e-01 0.00000e+00
  5.65000e+01 4.31000e+01 3.82000e+01 2.56000e+01]
 [0.00000e+00 0.00000e+00 0.00000e+00 0.00000e+00 0.00000e+00 0.00000e+00
  0.00000e+00 9.80000e+00 0.00000e+00 1.02448e+04 1.00200e+02 0.00000e+00
  2.40000e+00 8.00000e-01 0.00000e+00 0.00000e+00]
 [2.00000e-01 0.00000e+00 0.00000e+00 0.00000e+00 0.00000e+00 0.00000e+00
  6.00000e-01 6.32000e+01 0.00000e+00 4.70000e+01 1.64690e+04 0.00000e+00
  4.80000e+00 6.58000e+01 0.00000e+00 6.40000e+00]
 [3.29000e+01 0.00000e+00 0.00000e+00 0.00000e+00 3.00000e-01 1.20000e+00
  0.00000e+00 2.00000e-01 0.00000e+00 0.00000e+00 0.00000e+00 3.51510e+03
  2.61000e+01 4.82000e+01 0.00000e+00 0.00000e+00]
 [2.51900e+02 8.27000e+01 4.60000e+00 0.00000e+00 3.51000e+01 1.70100e+02
  5.10000e+00 3.10000e+00 3.69000e+01 1.00000e-01 7.50000e+00 2.81000e+01
  8.32600e+03 1.37000e+01 1.35000e+01 6.00000e-01]
 [2.77000e+01 1.00000e-01 0.00000e+00 4.00000e-01 8.00000e-01 3.00000e-01
  1.70000e+01 2.64000e+01 1.21000e+01 1.60000e+00 8.94000e+01 3.90000e+00
  8.81000e+01 1.80011e+04 1.31000e+01 0.00000e+00]
 [2.00000e-01 4.23000e+01 0.00000e+00 0.00000e+00 0.00000e+00 1.88000e+01
  0.00000e+00 3.50000e+00 8.00000e+00 0.00000e+00 7.00000e-01 4.00000e-01
  1.17000e+01 1.68000e+01 1.01660e+03 0.00000e+00]
 [0.00000e+00 0.00000e+00 0.00000e+00 0.00000e+00 0.00000e+00 7.00000e-01
  0.00000e+00 1.60000e+00 5.24000e+01 0.00000e+00 1.19000e+01 0.00000e+00
  8.00000e-01 0.00000e+00 0.00000e+00 7.42026e+04]]---
Accuracy: 98.524 +- 0.135
---
F1 scores :
	 Strawberry: 0.992 +- 0.002
	Cowpea: 0.988 +- 0.002
	Soybean: 0.987 +- 0.008
	Sorghum: 0.989 +- 0.008
	Water spinach: 0.969 +- 0.011
	Watermelon: 0.897 +- 0.012
	Greens: 0.976 +- 0.005
	Trees: 0.969 +- 0.004
	Grass: 0.966 +- 0.007
	Red roof: 0.990 +- 0.004
	Gray roof: 0.983 +- 0.004
	Plastic: 0.979 +- 0.009
	Bare soil: 0.938 +- 0.009
	Road: 0.984 +- 0.003
	Bright object: 0.914 +- 0.020
	Water: 0.999 +- 0.000
---
Kappa: 0.983 +- 0.002


Agregated results :
patch_size :21
model :2dcnn
dataset_name :WHU-Hi-HanChuan
batch_size :64
SAMPLE_PERCENTAGE :0.01
Confusion matrix :
[[4.40397e+04 2.30000e+00 1.08000e+01 0.00000e+00 2.20000e+00 2.58000e+01
  0.00000e+00 8.00000e+00 1.64000e+01 1.00000e-01 4.62000e+01 8.80000e+00
  4.49000e+01 8.28000e+01 0.00000e+00 0.00000e+00]
 [4.82000e+01 2.22590e+04 3.02000e+01 5.00000e-01 5.00000e-01 6.86000e+01
  1.70000e+00 8.33000e+01 2.30000e+00 0.00000e+00 0.00000e+00 7.30000e+00
  2.34000e+01 8.00000e-01 2.00000e-01 0.00000e+00]
 [3.30000e+00 3.90000e+00 1.01096e+04 2.85000e+01 0.00000e+00 1.27000e+01
  0.00000e+00 1.01000e+01 1.10000e+00 0.00000e+00 0.00000e+00 0.00000e+00
  1.48000e+01 0.00000e+00 0.00000e+00 0.00000e+00]
 [0.00000e+00 0.00000e+00 1.28000e+01 5.28170e+03 0.00000e+00 1.30000e+00
  0.00000e+00 0.00000e+00 0.00000e+00 0.00000e+00 0.00000e+00 0.00000e+00
  3.20000e+00 0.00000e+00 0.00000e+00 0.00000e+00]
 [1.20000e+00 9.50000e+00 1.20000e+00 0.00000e+00 1.14980e+03 2.28000e+01
  0.00000e+00 0.00000e+00 1.40000e+00 0.00000e+00 0.00000e+00 6.00000e-01
  8.00000e-01 7.00000e-01 0.00000e+00 0.00000e+00]
 [2.52100e+02 1.85200e+02 1.25600e+02 9.30000e+00 1.15000e+01 3.50370e+03
  1.26000e+01 1.59500e+02 6.15000e+01 8.00000e-01 0.00000e+00 2.00000e+00
  1.60500e+02 0.00000e+00 3.40000e+00 3.00000e-01]
 [0.00000e+00 2.10000e+00 0.00000e+00 0.00000e+00 0.00000e+00 6.00000e-01
  5.59110e+03 1.53000e+02 1.00000e+01 7.00000e-01 2.46000e+01 8.00000e-01
  4.87000e+01 1.24000e+01 0.00000e+00 0.00000e+00]
 [1.57000e+01 8.18000e+01 2.01400e+02 1.14300e+02 0.00000e+00 8.76000e+01
  6.51000e+01 1.67851e+04 1.63700e+02 3.72000e+01 1.38900e+02 1.00000e+00
  2.53000e+01 2.34000e+01 2.20000e+00 5.53000e+01]
 [1.69000e+01 1.41000e+02 0.00000e+00 8.00000e-01 1.60000e+00 3.88000e+01
  3.12000e+01 1.11900e+02 8.83090e+03 1.00000e-01 9.50000e+00 2.40000e+00
  4.57000e+01 6.09000e+01 3.32000e+01 4.91000e+01]
 [1.60000e+00 2.60000e+00 0.00000e+00 0.00000e+00 0.00000e+00 0.00000e+00
  6.00000e-01 2.18000e+01 0.00000e+00 1.02526e+04 1.19300e+02 1.80000e+00
  7.90000e+00 1.30000e+00 1.50000e+00 0.00000e+00]
 [7.60000e+00 0.00000e+00 0.00000e+00 0.00000e+00 0.00000e+00 0.00000e+00
  1.80000e+00 8.69000e+01 1.70000e+00 1.14700e+02 1.64323e+04 0.00000e+00
  1.36000e+01 7.93000e+01 0.00000e+00 4.10000e+00]
 [6.39000e+01 2.90000e+00 0.00000e+00 0.00000e+00 1.30000e+00 3.00000e-01
  0.00000e+00 1.00000e-01 0.00000e+00 0.00000e+00 0.00000e+00 3.46100e+03
  6.63000e+01 4.62000e+01 0.00000e+00 0.00000e+00]
 [4.68200e+02 1.24300e+02 1.06000e+01 4.00000e-01 3.90000e+01 1.81200e+02
  8.40000e+00 4.00000e+00 5.04000e+01 4.00000e+00 5.80000e+00 2.26000e+01
  8.07090e+03 2.77000e+01 7.50000e+00 0.00000e+00]
 [4.78000e+01 3.50000e+00 2.50000e+00 0.00000e+00 0.00000e+00 2.00000e+00
  1.42000e+01 8.91000e+01 2.60000e+01 4.30000e+00 9.59000e+01 2.61000e+01
  1.40100e+02 1.78898e+04 3.27000e+01 0.00000e+00]
 [7.00000e-01 6.36000e+01 0.00000e+00 0.00000e+00 0.00000e+00 3.04000e+01
  2.00000e-01 1.70000e+01 5.10000e+00 2.00000e-01 7.00000e-01 1.36000e+01
  1.72000e+01 1.67000e+01 9.59600e+02 0.00000e+00]
 [0.00000e+00 1.10000e+00 0.00000e+00 0.00000e+00 0.00000e+00 3.00000e-01
  0.00000e+00 2.01000e+01 6.53000e+01 0.00000e+00 4.33000e+01 0.00000e+00
  1.10000e+00 0.00000e+00 0.00000e+00 7.45158e+04]]---
Accuracy: 97.716 +- 0.223
---
F1 scores :
	 Strawberry: 0.987 +- 0.002
	Cowpea: 0.980 +- 0.005
	Soybean: 0.977 +- 0.006
	Sorghum: 0.984 +- 0.009
	Water spinach: 0.960 +- 0.015
	Watermelon: 0.827 +- 0.026
	Greens: 0.966 +- 0.009
	Trees: 0.950 +- 0.006
	Grass: 0.949 +- 0.010
	Red roof: 0.985 +- 0.004
	Gray roof: 0.976 +- 0.004
	Plastic: 0.963 +- 0.013
	Bare soil: 0.911 +- 0.011
	Road: 0.977 +- 0.004
	Bright object: 0.886 +- 0.042
	Water: 0.998 +- 0.000
---
Kappa: 0.973 +- 0.003

